Index,T (C),P (kbars),log(10) f O2,mass (gm),rho (gm/cc),wt% SiO2,wt% TiO2,wt% Al2O3,wt% Fe2O3,wt% Cr2O3,wt% FeO,wt% MnO,wt% MgO,wt% NiO,wt% CoO,wt% CaO,wt% Na2O,wt% K2O,wt% P2O5,wt% H2O,wt% CO2,wt% SO3,wt% Cl2O-1,wt% F2O-1,G (kJ),H (kJ),S (J/K),V (cc),Cp (J/K),       annite,   phlogopite
719,741.00,2.000,-15.746,0.0561,2.7367,43.0420,0.0000,12.1735,0.0000,0.0000,0.8270,0.0000,28.4085,0.0000,0.0000,0.0000,0.0000,11.2473,0.0000,4.3018,0.0000,0.0000,0.0000,0.0000,-0.902,-0.781,0.120,0.021,0.071,0.016068,0.983932
720,740.50,2.000,-15.808,0.1663,2.7370,43.0367,0.0000,12.1720,0.0000,0.0000,0.8549,0.0000,28.3893,0.0000,0.0000,0.0000,0.0000,11.2459,0.0000,4.3013,0.0000,0.0000,0.0000,0.0000,-2.672,-2.311,0.356,0.061,0.209,0.016613,0.983387
721,740.00,2.000,-15.871,0.2728,2.7374,43.0312,0.0000,12.1705,0.0000,0.0000,0.8835,0.0000,28.3696,0.0000,0.0000,0.0000,0.0000,11.2444,0.0000,4.3007,0.0000,0.0000,0.0000,0.0000,-4.384,-3.792,0.584,0.100,0.343,0.017171,0.982829
722,739.50,2.000,-15.932,0.3761,2.7377,43.0257,0.0000,12.1689,0.0000,0.0000,0.9127,0.0000,28.3495,0.0000,0.0000,0.0000,0.0000,11.2430,0.0000,4.3002,0.0000,0.0000,0.0000,0.0000,-6.041,-5.226,0.805,0.137,0.473,0.017741,0.982259
723,739.00,2.000,-15.993,0.4761,2.7381,43.0200,0.0000,12.1673,0.0000,0.0000,0.9426,0.0000,28.3289,0.0000,0.0000,0.0000,0.0000,11.2415,0.0000,4.2996,0.0000,0.0000,0.0000,0.0000,-7.646,-6.615,1.018,0.174,0.599,0.018324,0.981676
724,738.50,2.000,-16.053,0.5731,2.7384,43.0142,0.0000,12.1657,0.0000,0.0000,0.9731,0.0000,28.3079,0.0000,0.0000,0.0000,0.0000,11.2400,0.0000,4.2990,0.0000,0.0000,0.0000,0.0000,-9.201,-7.961,1.225,0.209,0.721,0.018920,0.981080
725,738.00,2.000,-16.112,0.6672,2.7388,43.0083,0.0000,12.1640,0.0000,0.0000,1.0043,0.0000,28.2865,0.0000,0.0000,0.0000,0.0000,11.2385,0.0000,4.2984,0.0000,0.0000,0.0000,0.0000,-10.708,-9.267,1.426,0.244,0.839,0.019529,0.980471
726,737.50,2.000,-16.170,0.7585,2.7392,43.0023,0.0000,12.1623,0.0000,0.0000,1.0362,0.0000,28.2645,0.0000,0.0000,0.0000,0.0000,11.2369,0.0000,4.2978,0.0000,0.0000,0.0000,0.0000,-12.171,-10.533,1.621,0.277,0.954,0.020152,0.979848
727,737.00,2.000,-16.228,0.8473,2.7396,42.9961,0.0000,12.1605,0.0000,0.0000,1.0688,0.0000,28.2421,0.0000,0.0000,0.0000,0.0000,11.2353,0.0000,4.2972,0.0000,0.0000,0.0000,0.0000,-13.591,-11.763,1.810,0.309,1.066,0.020789,0.979211
728,736.50,2.000,-16.286,0.9335,2.7400,42.9898,0.0000,12.1587,0.0000,0.0000,1.1021,0.0000,28.2192,0.0000,0.0000,0.0000,0.0000,11.2336,0.0000,4.2966,0.0000,0.0000,0.0000,0.0000,-14.970,-12.957,1.993,0.341,1.174,0.021440,0.978560
729,736.00,2.000,-16.342,1.0174,2.7404,42.9833,0.0000,12.1569,0.0000,0.0000,1.1362,0.0000,28.1957,0.0000,0.0000,0.0000,0.0000,11.2319,0.0000,4.2959,0.0000,0.0000,0.0000,0.0000,-16.310,-14.119,2.172,0.371,1.279,0.022106,0.977894
730,735.50,2.000,-16.398,1.0991,2.7408,42.9767,0.0000,12.1550,0.0000,0.0000,1.1710,0.0000,28.1718,0.0000,0.0000,0.0000,0.0000,11.2302,0.0000,4.2953,0.0000,0.0000,0.0000,0.0000,-17.613,-15.248,2.345,0.401,1.382,0.022786,0.977214
731,735.00,2.000,-16.454,1.1785,2.7412,42.9700,0.0000,12.1531,0.0000,0.0000,1.2065,0.0000,28.1473,0.0000,0.0000,0.0000,0.0000,11.2284,0.0000,4.2946,0.0000,0.0000,0.0000,0.0000,-18.881,-16.346,2.514,0.430,1.481,0.023482,0.976518
732,734.50,2.000,-16.509,1.2560,2.7417,42.9631,0.0000,12.1512,0.0000,0.0000,1.2429,0.0000,28.1223,0.0000,0.0000,0.0000,0.0000,11.2266,0.0000,4.2939,0.0000,0.0000,0.0000,0.0000,-20.114,-17.416,2.678,0.458,1.578,0.024193,0.975807
733,734.00,2.000,-16.563,1.3315,2.7421,42.9561,0.0000,12.1492,0.0000,0.0000,1.2800,0.0000,28.0968,0.0000,0.0000,0.0000,0.0000,11.2248,0.0000,4.2932,0.0000,0.0000,0.0000,0.0000,-21.316,-18.458,2.838,0.486,1.673,0.024919,0.975081
734,733.50,2.000,-16.617,1.4051,2.7425,42.9489,0.0000,12.1472,0.0000,0.0000,1.3179,0.0000,28.0707,0.0000,0.0000,0.0000,0.0000,11.2229,0.0000,4.2925,0.0000,0.0000,0.0000,0.0000,-22.487,-19.473,2.994,0.512,1.765,0.025662,0.974338
735,733.00,2.000,-16.670,1.4769,2.7430,42.9415,0.0000,12.1451,0.0000,0.0000,1.3567,0.0000,28.0440,0.0000,0.0000,0.0000,0.0000,11.2210,0.0000,4.2917,0.0000,0.0000,0.0000,0.0000,-23.629,-20.464,3.146,0.538,1.855,0.026422,0.973578
736,732.50,2.000,-16.723,1.5471,2.7435,42.9340,0.0000,12.1430,0.0000,0.0000,1.3963,0.0000,28.0167,0.0000,0.0000,0.0000,0.0000,11.2190,0.0000,4.2910,0.0000,0.0000,0.0000,0.0000,-24.743,-21.430,3.294,0.564,1.943,0.027198,0.972802
737,732.00,2.000,-16.775,1.6156,2.7439,42.9263,0.0000,12.1408,0.0000,0.0000,1.4368,0.0000,27.9888,0.0000,0.0000,0.0000,0.0000,11.2170,0.0000,4.2902,0.0000,0.0000,0.0000,0.0000,-25.830,-22.373,3.439,0.589,2.029,0.027992,0.972008
738,731.50,2.000,-16.827,1.6827,2.7444,42.9185,0.0000,12.1386,0.0000,0.0000,1.4782,0.0000,27.9604,0.0000,0.0000,0.0000,0.0000,11.2150,0.0000,4.2894,0.0000,0.0000,0.0000,0.0000,-26.892,-23.295,3.581,0.613,2.112,0.028803,0.971197
739,731.00,2.000,-16.878,1.7483,2.7449,42.9104,0.0000,12.1363,0.0000,0.0000,1.5205,0.0000,27.9313,0.0000,0.0000,0.0000,0.0000,11.2129,0.0000,4.2886,0.0000,0.0000,0.0000,0.0000,-27.930,-24.195,3.719,0.637,2.194,0.029633,0.970367
740,730.50,2.000,-16.929,1.8125,2.7454,42.9022,0.0000,12.1340,0.0000,0.0000,1.5637,0.0000,27.9015,0.0000,0.0000,0.0000,0.0000,11.2107,0.0000,4.2878,0.0000,0.0000,0.0000,0.0000,-28.944,-25.076,3.854,0.660,2.274,0.030481,0.969519
741,730.00,2.000,-16.980,1.8753,2.7459,42.8939,0.0000,12.1316,0.0000,0.0000,1.6079,0.0000,27.8711,0.0000,0.0000,0.0000,0.0000,11.2086,0.0000,4.2870,0.0000,0.0000,0.0000,0.0000,-29.937,-25.938,3.986,0.683,2.353,0.031348,0.968652
742,729.50,2.000,-17.030,1.9370,2.7465,42.8853,0.0000,12.1292,0.0000,0.0000,1.6530,0.0000,27.8400,0.0000,0.0000,0.0000,0.0000,11.2063,0.0000,4.2861,0.0000,0.0000,0.0000,0.0000,-30.909,-26.782,4.116,0.705,2.430,0.032235,0.967765
743,729.00,2.000,-17.079,1.9974,2.7470,42.8766,0.0000,12.1267,0.0000,0.0000,1.6992,0.0000,27.8083,0.0000,0.0000,0.0000,0.0000,11.2040,0.0000,4.2853,0.0000,0.0000,0.0000,0.0000,-31.860,-27.608,4.243,0.727,2.505,0.033142,0.966858
744,728.50,2.000,-17.129,2.0567,2.7475,42.8676,0.0000,12.1242,0.0000,0.0000,1.7463,0.0000,27.7758,0.0000,0.0000,0.0000,0.0000,11.2017,0.0000,4.2844,0.0000,0.0000,0.0000,0.0000,-32.793,-28.418,4.367,0.749,2.579,0.034069,0.965931
745,728.00,2.000,-17.177,2.1150,2.7481,42.8585,0.0000,12.1216,0.0000,0.0000,1.7946,0.0000,27.7426,0.0000,0.0000,0.0000,0.0000,11.1993,0.0000,4.2834,0.0000,0.0000,0.0000,0.0000,-33.708,-29.213,4.490,0.770,2.651,0.035017,0.964983
746,727.50,2.000,-17.226,2.1722,2.7487,42.8491,0.0000,12.1189,0.0000,0.0000,1.8438,0.0000,27.7087,0.0000,0.0000,0.0000,0.0000,11.1969,0.0000,4.2825,0.0000,0.0000,0.0000,0.0000,-34.605,-29.993,4.609,0.790,2.722,0.035987,0.964013
747,727.00,2.000,-17.274,2.2285,2.7493,42.8396,0.0000,12.1162,0.0000,0.0000,1.8942,0.0000,27.6740,0.0000,0.0000,0.0000,0.0000,11.1944,0.0000,4.2816,0.0000,0.0000,0.0000,0.0000,-35.487,-30.759,4.727,0.811,2.792,0.036978,0.963022
748,726.50,2.000,-17.321,2.2839,2.7498,42.8298,0.0000,12.1135,0.0000,0.0000,1.9458,0.0000,27.6386,0.0000,0.0000,0.0000,0.0000,11.1918,0.0000,4.2806,0.0000,0.0000,0.0000,0.0000,-36.352,-31.511,4.843,0.831,2.861,0.037993,0.962007
749,726.00,2.000,-17.369,2.3384,2.7504,42.8198,0.0000,12.1107,0.0000,0.0000,1.9984,0.0000,27.6023,0.0000,0.0000,0.0000,0.0000,11.1892,0.0000,4.2796,0.0000,0.0000,0.0000,0.0000,-37.203,-32.251,4.957,0.850,2.929,0.039031,0.960969
750,725.50,2.000,-17.415,2.3921,2.7511,42.8096,0.0000,12.1078,0.0000,0.0000,2.0523,0.0000,27.5652,0.0000,0.0000,0.0000,0.0000,11.1865,0.0000,4.2786,0.0000,0.0000,0.0000,0.0000,-38.041,-32.979,5.069,0.870,2.995,0.040092,0.959908
751,725.00,2.000,-17.462,2.4450,2.7517,42.7991,0.0000,12.1048,0.0000,0.0000,2.1074,0.0000,27.5273,0.0000,0.0000,0.0000,0.0000,11.1838,0.0000,4.2775,0.0000,0.0000,0.0000,0.0000,-38.865,-33.695,5.179,0.889,3.061,0.041179,0.958821
752,724.50,2.000,-17.508,2.4973,2.7523,42.7884,0.0000,12.1018,0.0000,0.0000,2.1638,0.0000,27.4886,0.0000,0.0000,0.0000,0.0000,11.1810,0.0000,4.2764,0.0000,0.0000,0.0000,0.0000,-39.676,-34.401,5.288,0.907,3.126,0.042290,0.957710
753,724.00,2.000,-17.554,2.5489,2.7530,42.7775,0.0000,12.0987,0.0000,0.0000,2.2214,0.0000,27.4489,0.0000,0.0000,0.0000,0.0000,11.1781,0.0000,4.2754,0.0000,0.0000,0.0000,0.0000,-40.476,-35.097,5.395,0.926,3.189,0.043428,0.956572
754,723.50,2.000,-17.600,2.5998,2.7537,42.7663,0.0000,12.0955,0.0000,0.0000,2.2804,0.0000,27.4083,0.0000,0.0000,0.0000,0.0000,11.1752,0.0000,4.2742,0.0000,0.0000,0.0000,0.0000,-41.265,-35.783,5.501,0.944,3.252,0.044592,0.955408
755,723.00,2.000,-17.645,2.6502,2.7544,42.7549,0.0000,12.0923,0.0000,0.0000,2.3407,0.0000,27.3668,0.0000,0.0000,0.0000,0.0000,11.1722,0.0000,4.2731,0.0000,0.0000,0.0000,0.0000,-42.043,-36.460,5.605,0.962,3.315,0.045784,0.954216
756,722.50,2.000,-17.686,3.1816,2.7550,42.7445,0.0000,12.0894,0.0000,0.0000,2.3955,0.0000,27.3291,0.0000,0.0000,0.0000,0.0000,11.1695,0.0000,4.2721,0.0000,0.0000,0.0000,0.0000,-50.450,-43.753,6.727,1.155,3.978,0.046868,0.953132
757,722.00,2.000,-17.730,3.2360,2.7557,42.7325,0.0000,12.0860,0.0000,0.0000,2.4588,0.0000,27.2855,0.0000,0.0000,0.0000,0.0000,11.1664,0.0000,4.2709,0.0000,0.0000,0.0000,0.0000,-51.285,-44.479,6.839,1.174,4.045,0.048120,0.951880
758,721.50,2.000,-17.774,3.2900,2.7565,42.7202,0.0000,12.0825,0.0000,0.0000,2.5237,0.0000,27.2409,0.0000,0.0000,0.0000,0.0000,11.1632,0.0000,4.2696,0.0000,0.0000,0.0000,0.0000,-52.113,-45.200,6.950,1.194,4.112,0.049403,0.950597
759,721.00,2.000,-17.818,3.3436,2.7572,42.7076,0.0000,12.0789,0.0000,0.0000,2.5900,0.0000,27.1952,0.0000,0.0000,0.0000,0.0000,11.1599,0.0000,4.2684,0.0000,0.0000,0.0000,0.0000,-52.933,-45.914,7.061,1.213,4.178,0.050716,0.949284
760,720.50,2.000,-17.862,3.3969,2.7580,42.6947,0.0000,12.0753,0.0000,0.0000,2.6579,0.0000,27.1485,0.0000,0.0000,0.0000,0.0000,11.1565,0.0000,4.2671,0.0000,0.0000,0.0000,0.0000,-53.747,-46.622,7.171,1.232,4.243,0.052062,0.947938
761,720.00,2.000,-17.905,3.4500,2.7588,42.6816,0.0000,12.0716,0.0000,0.0000,2.7274,0.0000,27.1007,0.0000,0.0000,0.0000,0.0000,11.1531,0.0000,4.2658,0.0000,0.0000,0.0000,0.0000,-54.556,-47.326,7.280,1.251,4.308,0.053439,0.946561
762,719.50,2.000,-17.949,3.5028,2.7596,42.6681,0.0000,12.0677,0.0000,0.0000,2.7985,0.0000,27.0517,0.0000,0.0000,0.0000,0.0000,11.1495,0.0000,4.2644,0.0000,0.0000,0.0000,0.0000,-55.359,-48.024,7.389,1.269,4.373,0.054851,0.945149
763,719.00,2.000,-17.991,3.5555,2.7604,42.6542,0.0000,12.0638,0.0000,0.0000,2.8714,0.0000,27.0015,0.0000,0.0000,0.0000,0.0000,11.1459,0.0000,4.2630,0.0000,0.0000,0.0000,0.0000,-56.157,-48.719,7.497,1.288,4.438,0.056298,0.943702
764,718.50,2.000,-18.034,3.6080,2.7613,42.6401,0.0000,12.0598,0.0000,0.0000,2.9461,0.0000,26.9502,0.0000,0.0000,0.0000,0.0000,11.1422,0.0000,4.2616,0.0000,0.0000,0.0000,0.0000,-56.951,-49.411,7.604,1.307,4.502,0.057781,0.942219
765,718.00,2.000,-18.076,3.6604,2.7621,42.6256,0.0000,12.0557,0.0000,0.0000,3.0225,0.0000,26.8975,0.0000,0.0000,0.0000,0.0000,11.1384,0.0000,4.2602,0.0000,0.0000,0.0000,0.0000,-57.742,-50.099,7.712,1.325,4.566,0.059300,0.940700
766,717.50,2.000,-18.118,3.7127,2.7630,42.6107,0.0000,12.0515,0.0000,0.0000,3.1009,0.0000,26.8436,0.0000,0.0000,0.0000,0.0000,11.1346,0.0000,4.2587,0.0000,0.0000,0.0000,0.0000,-58.530,-50.785,7.819,1.344,4.630,0.060859,0.939141
767,717.00,2.000,-18.160,3.7650,2.7639,42.5955,0.0000,12.0472,0.0000,0.0000,3.1812,0.0000,26.7884,0.0000,0.0000,0.0000,0.0000,11.1306,0.0000,4.2572,0.0000,0.0000,0.0000,0.0000,-59.316,-51.468,7.926,1.362,4.693,0.062457,0.937543
768,716.50,2.000,-18.202,3.8173,2.7648,42.5799,0.0000,12.0428,0.0000,0.0000,3.2635,0.0000,26.7317,0.0000,0.0000,0.0000,0.0000,11.1265,0.0000,4.2556,0.0000,0.0000,0.0000,0.0000,-60.099,-52.150,8.032,1.381,4.757,0.064097,0.935903
769,716.00,2.000,-18.243,3.8697,2.7658,42.5639,0.0000,12.0383,0.0000,0.0000,3.3479,0.0000,26.6736,0.0000,0.0000,0.0000,0.0000,11.1223,0.0000,4.2540,0.0000,0.0000,0.0000,0.0000,-60.882,-52.831,8.139,1.399,4.821,0.065779,0.934221
770,715.50,2.000,-18.284,3.9221,2.7668,42.5475,0.0000,12.0336,0.0000,0.0000,3.4344,0.0000,26.6141,0.0000,0.0000,0.0000,0.0000,11.1180,0.0000,4.2524,0.0000,0.0000,0.0000,0.0000,-61.664,-53.512,8.246,1.418,4.885,0.067505,0.932495
771,715.00,2.000,-18.325,3.9747,2.7678,42.5306,0.0000,12.0289,0.0000,0.0000,3.5232,0.0000,26.5530,0.0000,0.0000,0.0000,0.0000,11.1136,0.0000,4.2507,0.0000,0.0000,0.0000,0.0000,-62.446,-54.192,8.353,1.436,4.948,0.069277,0.930723
772,714.50,2.000,-18.365,4.0275,2.7688,42.5134,0.0000,12.0240,0.0000,0.0000,3.6143,0.0000,26.4903,0.0000,0.0000,0.0000,0.0000,11.1091,0.0000,4.2490,0.0000,0.0000,0.0000,0.0000,-63.229,-54.873,8.460,1.455,5.012,0.071097,0.928903
773,714.00,2.000,-18.406,4.0805,2.7699,42.4956,0.0000,12.0190,0.0000,0.0000,3.7078,0.0000,26.4260,0.0000,0.0000,0.0000,0.0000,11.1045,0.0000,4.2472,0.0000,0.0000,0.0000,0.0000,-64.013,-55.555,8.568,1.473,5.077,0.072966,0.927034
774,713.50,2.000,-18.446,4.1338,2.7709,42.4774,0.0000,12.0138,0.0000,0.0000,3.8037,0.0000,26.3599,0.0000,0.0000,0.0000,0.0000,11.0997,0.0000,4.2454,0.0000,0.0000,0.0000,0.0000,-64.799,-56.238,8.676,1.492,5.141,0.074887,0.925113
775,713.00,2.000,-18.486,4.1874,2.7720,42.4587,0.0000,12.0085,0.0000,0.0000,3.9023,0.0000,26.2921,0.0000,0.0000,0.0000,0.0000,11.0948,0.0000,4.2435,0.0000,0.0000,0.0000,0.0000,-65.587,-56.924,8.785,1.511,5.206,0.076861,0.923139
776,712.50,2.000,-18.525,4.2414,2.7732,42.4395,0.0000,12.0031,0.0000,0.0000,4.0035,0.0000,26.2225,0.0000,0.0000,0.0000,0.0000,11.0898,0.0000,4.2416,0.0000,0.0000,0.0000,0.0000,-66.379,-57.612,8.894,1.529,5.271,0.078890,0.921110
777,712.00,2.000,-18.565,4.2959,2.7744,42.4198,0.0000,11.9975,0.0000,0.0000,4.1075,0.0000,26.1509,0.0000,0.0000,0.0000,0.0000,11.0847,0.0000,4.2396,0.0000,0.0000,0.0000,0.0000,-67.175,-58.304,9.004,1.548,5.337,0.080978,0.919022
778,711.50,2.000,-18.604,4.3508,2.7756,42.3995,0.0000,11.9918,0.0000,0.0000,4.2144,0.0000,26.0773,0.0000,0.0000,0.0000,0.0000,11.0794,0.0000,4.2376,0.0000,0.0000,0.0000,0.0000,-67.975,-59.000,9.115,1.568,5.403,0.083125,0.916875
779,711.00,2.000,-18.643,4.4063,2.7768,42.3787,0.0000,11.9859,0.0000,0.0000,4.3244,0.0000,26.0016,0.0000,0.0000,0.0000,0.0000,11.0739,0.0000,4.2355,0.0000,0.0000,0.0000,0.0000,-68.781,-59.700,9.227,1.587,5.469,0.085336,0.914664
780,710.50,2.000,-18.682,4.4623,2.7781,42.3572,0.0000,11.9798,0.0000,0.0000,4.4375,0.0000,25.9238,0.0000,0.0000,0.0000,0.0000,11.0683,0.0000,4.2334,0.0000,0.0000,0.0000,0.0000,-69.594,-60.406,9.341,1.606,5.537,0.087612,0.912388
781,710.00,2.000,-18.721,4.5191,2.7794,42.3352,0.0000,11.9736,0.0000,0.0000,4.5539,0.0000,25.8437,0.0000,0.0000,0.0000,0.0000,11.0626,0.0000,4.2311,0.0000,0.0000,0.0000,0.0000,-70.413,-61.118,9.455,1.626,5.605,0.089958,0.910042
782,709.50,2.000,-18.759,4.5766,2.7807,42.3124,0.0000,11.9672,0.0000,0.0000,4.6737,0.0000,25.7612,0.0000,0.0000,0.0000,0.0000,11.0566,0.0000,4.2289,0.0000,0.0000,0.0000,0.0000,-71.241,-61.837,9.571,1.646,5.674,0.092375,0.907625
783,709.00,2.000,-18.798,4.6349,2.7821,42.2890,0.0000,11.9605,0.0000,0.0000,4.7972,0.0000,25.6762,0.0000,0.0000,0.0000,0.0000,11.0505,0.0000,4.2265,0.0000,0.0000,0.0000,0.0000,-72.078,-62.563,9.688,1.666,5.743,0.094867,0.905133
784,708.50,2.000,-18.836,4.6941,2.7835,42.2649,0.0000,11.9537,0.0000,0.0000,4.9244,0.0000,25.5887,0.0000,0.0000,0.0000,0.0000,11.0442,0.0000,4.2241,0.0000,0.0000,0.0000,0.0000,-72.925,-63.298,9.807,1.686,5.814,0.097438,0.902562
785,708.00,2.000,-18.874,4.7543,2.7850,42.2400,0.0000,11.9467,0.0000,0.0000,5.0555,0.0000,25.4984,0.0000,0.0000,0.0000,0.0000,11.0377,0.0000,4.2216,0.0000,0.0000,0.0000,0.0000,-73.783,-64.042,9.928,1.707,5.886,0.100092,0.899908
786,707.50,2.000,-18.912,4.8156,2.7865,42.2144,0.0000,11.9394,0.0000,0.0000,5.1908,0.0000,25.4053,0.0000,0.0000,0.0000,0.0000,11.0310,0.0000,4.2191,0.0000,0.0000,0.0000,0.0000,-74.654,-64.797,10.051,1.728,5.959,0.102833,0.897167
787,707.00,2.000,-18.948,4.8722,2.7880,42.1895,0.0000,11.9324,0.0000,0.0000,5.3217,0.0000,25.3153,0.0000,0.0000,0.0000,0.0000,11.0245,0.0000,4.2166,0.0000,0.0000,0.0000,0.0000,-75.452,-65.490,10.164,1.748,6.026,0.105488,0.894512
788,706.50,2.000,-18.970,4.8812,2.7887,42.1786,0.0000,11.9293,0.0000,0.0000,5.3792,0.0000,25.2757,0.0000,0.0000,0.0000,0.0000,11.0217,0.0000,4.2155,0.0000,0.0000,0.0000,0.0000,-75.554,-65.583,10.179,1.750,6.036,0.106654,0.893346
789,706.00,2.000,-18.991,4.8934,2.7894,42.1677,0.0000,11.9262,0.0000,0.0000,5.4367,0.0000,25.2361,0.0000,0.0000,0.0000,0.0000,11.0188,0.0000,4.2