Index,T (C),P (kbars),log(10) f O2,mass (gm),rho (gm/cc),wt% SiO2,wt% TiO2,wt% Al2O3,wt% Fe2O3,wt% Cr2O3,wt% FeO,wt% MnO,wt% MgO,wt% NiO,wt% CoO,wt% CaO,wt% Na2O,wt% K2O,wt% P2O5,wt% H2O,wt% CO2,wt% SO3,wt% Cl2O-1,wt% F2O-1,G (kJ),H (kJ),S (J/K),V (cc),Cp (J/K),     diopside,clinoenstatit, hedenbergite,alumino-buffo,    buffonite,     essenite,      jadeite
756,722.50,2.000,-17.686,0.9173,3.3671,49.9018,1.0779,3.4412,1.4304,0.0000,10.9480,0.0000,10.9423,0.0000,0.0000,21.7608,0.4976,0.0000,0.0000,0.0000,0.0000,0.0000,0.0000,0.0000,-13.318,-11.609,1.716,0.272,1.006,0.426734,0.080251,0.346833,0.068865,-0.007452,0.048226,0.036544
757,722.00,2.000,-17.730,0.9357,3.3682,49.8820,1.0771,3.4418,1.4321,0.0000,11.0294,0.0000,10.8900,0.0000,0.0000,21.7497,0.4980,0.0000,0.0000,0.0000,0.0000,0.0000,0.0000,0.0000,-13.575,-11.833,1.750,0.278,1.026,0.423861,0.080330,0.349542,0.068842,-0.007454,0.048292,0.036587
758,721.50,2.000,-17.774,0.9539,3.3693,49.8622,1.0763,3.4425,1.4339,0.0000,11.1108,0.0000,10.8376,0.0000,0.0000,21.7385,0.4984,0.0000,0.0000,0.0000,0.0000,0.0000,0.0000,0.0000,-13.829,-12.055,1.783,0.283,1.045,0.420981,0.080410,0.352255,0.068820,-0.007455,0.048359,0.036631
759,721.00,2.000,-17.818,0.9719,3.3704,49.8422,1.0755,3.4432,1.4357,0.0000,11.1923,0.0000,10.7851,0.0000,0.0000,21.7273,0.4988,0.0000,0.0000,0.0000,0.0000,0.0000,0.0000,0.0000,-14.080,-12.274,1.816,0.288,1.065,0.418094,0.080491,0.354971,0.068800,-0.007455,0.048426,0.036674
760,720.50,2.000,-17.862,0.9897,3.3715,49.8221,1.0748,3.4439,1.4375,0.0000,11.2738,0.0000,10.7326,0.0000,0.0000,21.7160,0.4992,0.0000,0.0000,0.0000,0.0000,0.0000,0.0000,0.0000,-14.328,-12.491,1.849,0.294,1.084,0.415200,0.080572,0.357691,0.068780,-0.007453,0.048493,0.036717
761,720.00,2.000,-17.905,1.0074,3.3726,49.8020,1.0741,3.4447,1.4394,0.0000,11.3554,0.0000,10.6801,0.0000,0.0000,21.7047,0.4995,0.0000,0.0000,0.0000,0.0000,0.0000,0.0000,0.0000,-14.573,-12.705,1.881,0.299,1.103,0.412298,0.080655,0.360416,0.068762,-0.007451,0.048561,0.036759
762,719.50,2.000,-17.949,1.0249,3.3737,49.7817,1.0735,3.4455,1.4414,0.0000,11.4371,0.0000,10.6275,0.0000,0.0000,21.6934,0.4999,0.0000,0.0000,0.0000,0.0000,0.0000,0.0000,0.0000,-14.816,-12.917,1.913,0.304,1.121,0.409389,0.080739,0.363144,0.068745,-0.007448,0.048629,0.036802
763,719.00,2.000,-17.991,1.0422,3.3748,49.7614,1.0729,3.4463,1.4434,0.0000,11.5187,0.0000,10.5748,0.0000,0.0000,21.6821,0.5003,0.0000,0.0000,0.0000,0.0000,0.0000,0.0000,0.0000,-15.056,-13.126,1.945,0.309,1.140,0.406473,0.080823,0.365876,0.068730,-0.007443,0.048697,0.036844
764,718.50,2.000,-18.034,1.0594,3.3759,49.7410,1.0723,3.4472,1.4454,0.0000,11.6005,0.0000,10.5222,0.0000,0.0000,21.6708,0.5007,0.0000,0.0000,0.0000,0.0000,0.0000,0.0000,0.0000,-15.292,-13.333,1.976,0.314,1.158,0.403549,0.080909,0.368613,0.068715,-0.007438,0.048766,0.036887
765,718.00,2.000,-18.076,1.0763,3.3770,49.7205,1.0717,3.4480,1.4475,0.0000,11.6823,0.0000,10.4694,0.0000,0.0000,21.6594,0.5011,0.0000,0.0000,0.0000,0.0000,0.0000,0.0000,0.0000,-15.526,-13.537,2.007,0.319,1.176,0.400618,0.080996,0.371353,0.068701,-0.007432,0.048835,0.036929
766,717.50,2.000,-18.118,1.0932,3.3781,49.6999,1.0712,3.4489,1.4496,0.0000,11.7642,0.0000,10.4167,0.0000,0.0000,21.6480,0.5015,0.0000,0.0000,0.0000,0.0000,0.0000,0.0000,0.0000,-15.758,-13.739,2.037,0.324,1.194,0.397679,0.081084,0.374099,0.068688,-0.007424,0.048904,0.036970
767,717.00,2.000,-18.160,1.1098,3.3793,49.6793,1.0708,3.4498,1.4518,0.0000,11.8462,0.0000,10.3638,0.0000,0.0000,21.6365,0.5018,0.0000,0.0000,0.0000,0.0000,0.0000,0.0000,0.0000,-15.986,-13.939,2.068,0.328,1.212,0.394733,0.081173,0.376848,0.068677,-0.007416,0.048974,0.037012
768,716.50,2.000,-18.202,1.1263,3.3804,49.6585,1.0703,3.4507,1.4540,0.0000,11.9282,0.0000,10.3110,0.0000,0.0000,21.6250,0.5022,0.0000,0.0000,0.0000,0.0000,0.0000,0.0000,0.0000,-16.212,-14.136,2.097,0.333,1.229,0.391779,0.081263,0.379603,0.068666,-0.007407,0.049044,0.037054
769,716.00,2.000,-18.243,1.1427,3.3815,49.6377,1.0699,3.4517,1.4563,0.0000,12.0103,0.0000,10.2581,0.0000,0.0000,21.6135,0.5026,0.0000,0.0000,0.0000,0.0000,0.0000,0.0000,0.0000,-16.435,-14.331,2.127,0.338,1.246,0.388817,0.081354,0.382362,0.068655,-0.007398,0.049115,0.037095
770,715.50,2.000,-18.284,1.1588,3.3826,49.6168,1.0695,3.4527,1.4586,0.0000,12.0925,0.0000,10.2051,0.0000,0.0000,21.6020,0.5029,0.0000,0.0000,0.0000,0.0000,0.0000,0.0000,0.0000,-16.656,-14.524,2.156,0.343,1.263,0.385847,0.081447,0.385126,0.068646,-0.007387,0.049185,0.037136
771,715.00,2.000,-18.325,1.1749,3.3837,49.5958,1.0692,3.4536,1.4609,0.0000,12.1747,0.0000,10.1521,0.0000,0.0000,21.5904,0.5033,0.0000,0.0000,0.0000,0.0000,0.0000,0.0000,0.0000,-16.874,-14.714,2.185,0.347,1.280,0.382869,0.081541,0.387894,0.068638,-0.007375,0.049257,0.037176
772,714.50,2.000,-18.365,1.1907,3.3849,49.5748,1.0688,3.4546,1.4632,0.0000,12.2571,0.0000,10.0990,0.0000,0.0000,21.5787,0.5036,0.0000,0.0000,0.0000,0.0000,0.0000,0.0000,0.0000,-17.089,-14.902,2.214,0.352,1.297,0.379884,0.081636,0.390668,0.068630,-0.007363,0.049328,0.037217
773,714.00,2.000,-18.406,1.2064,3.3860,49.5536,1.0685,3.4556,1.4656,0.0000,12.3395,0.0000,10.0459,0.0000,0.0000,21.5671,0.5040,0.0000,0.0000,0.0000,0.0000,0.0000,0.0000,0.0000,-17.301,-15.088,2.242,0.356,1.314,0.376890,0.081733,0.393447,0.068623,-0.007350,0.049400,0.037257
774,713.50,2.000,-18.446,1.2219,3.3871,49.5324,1.0682,3.4567,1.4681,0.0000,12.4221,0.0000,9.9928,0.0000,0.0000,21.5554,0.5043,0.0000,0.0000,0.0000,0.0000,0.0000,0.0000,0.0000,-17.511,-15.272,2.270,0.361,1.330,0.373889,0.081831,0.396231,0.068616,-0.007336,0.049473,0.037297
775,713.00,2.000,-18.486,1.2373,3.3883,49.5112,1.0680,3.4577,1.4706,0.0000,12.5047,0.0000,9.9396,0.0000,0.0000,21.5437,0.5047,0.0000,0.0000,0.0000,0.0000,0.0000,0.0000,0.0000,-17.719,-15.453,2.298,0.365,1.346,0.370879,0.081931,0.399020,0.068610,-0.007322,0.049545,0.037337
776,712.50,2.000,-18.525,1.2526,3.3894,49.4898,1.0677,3.4587,1.4731,0.0000,12.5874,0.0000,9.8863,0.0000,0.0000,21.5319,0.5050,0.0000,0.0000,0.0000,0.0000,0.0000,0.0000,0.0000,-17.924,-15.632,2.325,0.370,1.362,0.367861,0.082031,0.401815,0.068605,-0.007306,0.049618,0.037376
777,712.00,2.000,-18.565,1.2676,3.3906,49.4684,1.0675,3.4598,1.4756,0.0000,12.6702,0.0000,9.8330,0.0000,0.0000,21.5201,0.5053,0.0000,0.0000,0.0000,0.0000,0.0000,0.0000,0.0000,-18.126,-15.809,2.352,0.374,1.378,0.364834,0.082134,0.404615,0.068600,-0.007290,0.049692,0.037415
778,711.50,2.000,-18.604,1.2826,3.3917,49.4470,1.0673,3.4608,1.4782,0.0000,12.7531,0.0000,9.7797,0.0000,0.0000,21.5083,0.5057,0.0000,0.0000,0.0000,0.0000,0.0000,0.0000,0.0000,-18.326,-15.984,2.379,0.378,1.393,0.361800,0.082238,0.407421,0.068596,-0.007273,0.049766,0.037453
779,711.00,2.000,-18.643,1.2973,3.3929,49.4254,1.0671,3.4619,1.4808,0.0000,12.8361,0.0000,9.7263,0.0000,0.0000,21.4964,0.5060,0.0000,0.0000,0.0000,0.0000,0.0000,0.0000,0.0000,-18.523,-16.156,2.405,0.382,1.409,0.358756,0.082344,0.410233,0.068592,-0.007256,0.049840,0.037492
780,710.50,2.000,-18.682,1.3119,3.3940,49.4038,1.0670,3.4630,1.4834,0.0000,12.9192,0.0000,9.6728,0.0000,0.0000,21.4844,0.5063,0.0000,0.0000,0.0000,0.0000,0.0000,0.0000,0.0000,-18.718,-16.326,2.431,0.387,1.424,0.355704,0.082451,0.413050,0.068589,-0.007238,0.049915,0.037530
781,710.00,2.000,-18.721,1.3264,3.3952,49.3821,1.0668,3.4641,1.4861,0.0000,13.0025,0.0000,9.6193,0.0000,0.0000,21.4725,0.5066,0.0000,0.0000,0.0000,0.0000,0.0000,0.0000,0.0000,-18.910,-16.494,2.457,0.391,1.439,0.352644,0.082560,0.415874,0.068586,-0.007219,0.049990,0.037567
782,709.50,2.000,-18.759,1.3407,3.3963,49.3604,1.0667,3.4651,1.4888,0.0000,13.0858,0.0000,9.5658,0.0000,0.0000,21.4605,0.5069,0.0000,0.0000,0.0000,0.0000,0.0000,0.0000,0.0000,-19.099,-16.660,2.482,0.395,1.454,0.349574,0.082670,0.418704,0.068583,-0.007200,0.050065,0.037604
783,709.00,2.000,-18.798,1.3549,3.3975,49.3386,1.0666,3.4662,1.4916,0.0000,13.1693,0.0000,9.5121,0.0000,0.0000,21.4484,0.5072,0.0000,0.0000,0.0000,0.0000,0.0000,0.0000,0.0000,-19.287,-16.824,2.508,0.399,1.469,0.346495,0.082782,0.421540,0.068581,-0.007180,0.050141,0.037641
784,708.50,2.000,-18.836,1.3689,3.3986,49.3167,1.0665,3.4673,1.4943,0.0000,13.2529,0.0000,9.4585,0.0000,0.0000,21.4363,0.5075,0.0000,0.0000,0.0000,0.0000,0.0000,0.0000,0.0000,-19.471,-16.985,2.532,0.403,1.483,0.343408,0.082896,0.424382,0.068579,-0.007159,0.050217,0.037677
785,708.00,2.000,-18.874,1.3827,3.3998,49.2948,1.0664,3.4684,1.4972,0.0000,13.3366,0.0000,9.4047,0.0000,0.0000,21.4242,0.5078,0.0000,0.0000,0.0000,0.0000,0.0000,0.0000,0.0000,-19.653,-17.145,2.557,0.407,1.498,0.340311,0.083012,0.427231,0.068577,-0.007138,0.050294,0.037713
786,707.50,2.000,-18.912,1.3964,3.4010,49.2727,1.0664,3.4695,1.5000,0.0000,13.4204,0.0000,9.3509,0.0000,0.0000,21.4120,0.5081,0.0000,0.0000,0.0000,0.0000,0.0000,0.0000,0.0000,-19.833,-17.302,2.581,0.411,1.512,0.337204,0.083130,0.430088,0.068575,-0.007117,0.050371,0.037749
787,707.00,2.000,-18.948,1.4190,3.4021,49.2516,1.0662,3.4712,1.5026,0.0000,13.4991,0.0000,9.3002,0.0000,0.0000,21.4009,0.5082,0.0000,0.0000,0.0000,0.0000,0.0000,0.0000,0.0000,-20.139,-17.569,2.622,0.417,1.536,0.334285,0.083234,0.432769,0.068592,-0.007119,0.050466,0.037773
788,706.50,2.000,-18.970,1.5071,3.4026,49.2391,1.0650,3.4775,1.5035,0.0000,13.5318,0.0000,9.2762,0.0000,0.0000,21.3996,0.5073,0.0000,0.0000,0.0000,0.0000,0.0000,0.0000,0.0000,-21.383,-18.656,2.784,0.443,1.631,0.333080,0.083210,0.433888,0.068735,-0.007319,0.050697,0.037708
789,706.00,2.000,-18.991,1.5779,3.4031,49.2280,1.0636,3.4825,1.5042,0.0000,13.5644,0.0000,9.2529,0.0000,0.0000,21.3979,0.5065,0.0000,0.0000,0.0000,0.0000,0.0000,0.0000,0.0000,-22.381,-19.528,2.913,0.464,1.707,0.331909,0.083190,0.435003,0.068836,-0.007495,0.050901,0.037657
790,705.50,2.000,-19.013,1.6359,3.4036,49.2179,1.0618,3.4866,1.5048,0.0000,13.5969,0.0000,9.2301,0.0000,0.0000,21.3960,0.5059,0.0000,0.0000,0.0000,0.0000,0.0000,0.0000,0.0000,-23.195,-20.240,3.019,0.481,1.769,0.330764,0.083173,0.436114,0.068903,-0.007652,0.051081,0.037617
791,705.00,2.000,-19.035,1.6840,3.4040,49.2087,1.0600,3.4899,1.5053,0.0000,13.6294,0.0000,9.2076,0.0000,0.0000,21.3938,0.5054,0.0000,0.0000,0.0000,0.0000,0.0000,0.0000,0.0000,-23.870,-20.831,3.107,0.495,1.821,0.329639,0.083157,0.437222,0.068946,-0.007792,0.051243,0.037586
792,704.50,2.000,-19.057,1.7246,3.4045,49.2001,1.0580,3.4925,1.5057,0.0000,13.6618,0.0000,9.1854,0.0000,0.0000,21.3915,0.5050,0.0000,0.0000,0.0000,0.0000,0.0000,0.0000,0.0000,-24.437,-21.327,3.181,0.507,1.864,0.328529,0.083143,0.438327,0.068968,-0.007918,0.051389,0.037562
793,704.00,2.000,-19.079,1.7591,3.4050,49.1920,1.0560,3.4947,1.5061,0.0000,13.6941,0.0000,9.1634,0.0000,0.0000,21.3890,0.5047,0.0000,0.0000,0.0000,0.0000,0.0000,0.0000,0.0000,-24.917,-21.748,3.243,0.517,1.901,0.327431,0.083130,0.439432,0.068975,-0.008033,0.051521,0.037544
794,703.50,2.000,-19.101,1.7887,3.4054,49.1843,1.0539,3.4965,1.5065,0.0000,13.7264,0.0000,9.1416,0.0000,0.0000,21.3864,0.5044,0.0000,0.0000,0.0000,0.0000,0.0000,0.0000,0.0000,-25.329,-22.109,3.297,0.525,1.933,0.326341,0.083118,0.440535,0.068969,-0.008137,0.051642,0.037532
795,703.00,2.000,-19.123,1.8145,3.4059,49.1769,1.0519,3.4979,1.5068,0.0000,13.7587,0.0000,9.1199,0.0000,0.0000,21.3837,0.5042,0.0000,0.0000,0.0000,0.0000,0.0000,0.0000,0.0000,-25.685,-22.422,3.343,0.533,1.960,0.325257,0.083105,0.441638,0.068955,-0.008232,0.051753,0.037524
796,702.50,2.000,-19.145,1.8370,3.4064,49.1697,1.0498,3.4991,1.5071,0.0000,13.7910,0.0000,9.0983,0.0000,0.0000,21.3809,0.5041,0.0000,0.0000,0.0000,0.0000,0.0000,0.0000,0.0000,-25.996,-22.695,3.383,0.539,1.984,0.324178,0.083093,0.442740,0.068932,-0.008320,0.051856,0.037520
797,702.00,2.000,-19.167,1.8568,3.4068,49.1627,1.0478,3.5000,1.5074,0.0000,13.8233,0.0000,9.0767,0.0000,0.0000,21.3780,0.5040,0.0000,0.0000,0.0000,0.0000,0.0000,0.0000,0.0000,-26.268,-22.934,3.419,0.545,2.005,0.323102,0.083081,0.443843,0.068904,-0.008401,0.051952,0.037519
798,701.50,2.000,-19.189,1.8744,3.4073,49.1559,1.0458,3.5008,1.5077,0.0000,13.8556,0.0000,9.0552,0.0000,0.0000,21.3751,0.5040,0.0000,0.0000,0.0000,0.0000,0.0000,0.0000,0.0000,-26.508,-23.146,3.450,0.550,2.023,0.322028,0.083068,0.444946,0.068872,-0.008476,0.052041,0.037521
799,701.00,2.000,-19.211,1.8901,3.4077,49.1492,1.0438,3.5014,1.5079,0.0000,13.8879,0.0000,9.0338,0.0000,0.0000,21.3721,0.5040,0.0000,0.0000,0.0000,0.0000,0.0000,0.0000,0.0