Index,T (C),P (kbars),log(10) f O2,mass (gm),rho (gm/cc),wt% SiO2,wt% TiO2,wt% Al2O3,wt% Fe2O3,wt% Cr2O3,wt% FeO,wt% MnO,wt% MgO,wt% NiO,wt% CoO,wt% CaO,wt% Na2O,wt% K2O,wt% P2O5,wt% H2O,wt% CO2,wt% SO3,wt% Cl2O-1,wt% F2O-1,G (kJ),H (kJ),S (J/K),V (cc),Cp (J/K),      h2oduan,      co2duan
559,821.00,2.000,-14.831,0.0047,0.4137,0.0000,0.0000,0.0000,0.0000,0.0000,0.0000,0.0000,0.0000,0.0000,0.0000,0.0000,0.0000,0.0000,0.0000,100.0000,0.0000,0.0000,0.0000,0.0000,-0.105,-0.058,0.043,0.011,0.018,1.000000,0.000000
560,820.50,2.000,-14.836,0.0121,0.4140,0.0000,0.0000,0.0000,0.0000,0.0000,0.0000,0.0000,0.0000,0.0000,0.0000,0.0000,0.0000,0.0000,0.0000,100.0000,0.0000,0.0000,0.0000,0.0000,-0.271,-0.150,0.110,0.029,0.047,1.000000,0.000000
561,820.00,2.000,-14.841,0.0194,0.4143,0.0000,0.0000,0.0000,0.0000,0.0000,0.0000,0.0000,0.0000,0.0000,0.0000,0.0000,0.0000,0.0000,0.0000,100.0000,0.0000,0.0000,0.0000,0.0000,-0.435,-0.241,0.177,0.047,0.076,1.000000,0.000000
562,819.50,2.000,-14.846,0.0268,0.4146,0.0000,0.0000,0.0000,0.0000,0.0000,0.0000,0.0000,0.0000,0.0000,0.0000,0.0000,0.0000,0.0000,0.0000,100.0000,0.0000,0.0000,0.0000,0.0000,-0.599,-0.332,0.244,0.065,0.104,1.000000,0.000000
563,819.00,2.000,-14.851,0.0341,0.4149,0.0000,0.0000,0.0000,0.0000,0.0000,0.0000,0.0000,0.0000,0.0000,0.0000,0.0000,0.0000,0.0000,0.0000,100.0000,0.0000,0.0000,0.0000,0.0000,-0.762,-0.423,0.310,0.082,0.133,1.000000,0.000000
564,818.50,2.000,-14.856,0.0413,0.4152,0.0000,0.0000,0.0000,0.0000,0.0000,0.0000,0.0000,0.0000,0.0000,0.0000,0.0000,0.0000,0.0000,0.0000,100.0000,0.0000,0.0000,0.0000,0.0000,-0.924,-0.513,0.376,0.100,0.161,1.000000,0.000000
565,818.00,2.000,-14.861,0.0486,0.4155,0.0000,0.0000,0.0000,0.0000,0.0000,0.0000,0.0000,0.0000,0.0000,0.0000,0.0000,0.0000,0.0000,0.0000,100.0000,0.0000,0.0000,0.0000,0.0000,-1.086,-0.603,0.442,0.117,0.190,1.000000,0.000000
566,817.50,2.000,-14.866,0.0558,0.4158,0.0000,0.0000,0.0000,0.0000,0.0000,0.0000,0.0000,0.0000,0.0000,0.0000,0.0000,0.0000,0.0000,0.0000,100.0000,0.0000,0.0000,0.0000,0.0000,-1.247,-0.693,0.508,0.134,0.218,1.000000,0.000000
567,817.00,2.000,-14.871,0.0629,0.4160,0.0000,0.0000,0.0000,0.0000,0.0000,0.0000,0.0000,0.0000,0.0000,0.0000,0.0000,0.0000,0.0000,0.0000,100.0000,0.0000,0.0000,0.0000,0.0000,-1.407,-0.782,0.573,0.151,0.246,1.000000,0.000000
568,816.50,2.000,-14.876,0.0701,0.4163,0.0000,0.0000,0.0000,0.0000,0.0000,0.0000,0.0000,0.0000,0.0000,0.0000,0.0000,0.0000,0.0000,0.0000,100.0000,0.0000,0.0000,0.0000,0.0000,-1.566,-0.871,0.638,0.168,0.274,1.000000,0.000000
569,816.00,2.000,-14.881,0.0772,0.4166,0.0000,0.0000,0.0000,0.0000,0.0000,0.0000,0.0000,0.0000,0.0000,0.0000,0.0000,0.0000,0.0000,0.0000,100.0000,0.0000,0.0000,0.0000,0.0000,-1.724,-0.960,0.702,0.185,0.302,1.000000,0.000000
570,815.50,2.000,-14.886,0.0843,0.4169,0.0000,0.0000,0.0000,0.0000,0.0000,0.0000,0.0000,0.0000,0.0000,0.0000,0.0000,0.0000,0.0000,0.0000,100.0000,0.0000,0.0000,0.0000,0.0000,-1.882,-1.048,0.767,0.202,0.330,1.000000,0.000000
571,815.00,2.000,-14.891,0.0913,0.4172,0.0000,0.0000,0.0000,0.0000,0.0000,0.0000,0.0000,0.0000,0.0000,0.0000,0.0000,0.0000,0.0000,0.0000,100.0000,0.0000,0.0000,0.0000,0.0000,-2.039,-1.136,0.831,0.219,0.358,1.000000,0.000000
572,814.50,2.000,-14.896,0.0983,0.4175,0.0000,0.0000,0.0000,0.0000,0.0000,0.0000,0.0000,0.0000,0.0000,0.0000,0.0000,0.0000,0.0000,0.0000,100.0000,0.0000,0.0000,0.0000,0.0000,-2.196,-1.223,0.894,0.236,0.385,1.000000,0.000000
573,814.00,2.000,-14.901,0.1053,0.4178,0.0000,0.0000,0.0000,0.0000,0.0000,0.0000,0.0000,0.0000,0.0000,0.0000,0.0000,0.0000,0.0000,0.0000,100.0000,0.0000,0.0000,0.0000,0.0000,-2.351,-1.310,0.958,0.252,0.413,1.000000,0.000000
574,813.50,2.000,-14.905,0.1123,0.4181,0.0000,0.0000,0.0000,0.0000,0.0000,0.0000,0.0000,0.0000,0.0000,0.0000,0.0000,0.0000,0.0000,0.0000,100.0000,0.0000,0.0000,0.0000,0.0000,-2.506,-1.397,1.021,0.269,0.440,1.000000,0.000000
575,813.00,2.000,-14.910,0.1192,0.4184,0.0000,0.0000,0.0000,0.0000,0.0000,0.0000,0.0000,0.0000,0.0000,0.0000,0.0000,0.0000,0.0000,0.0000,100.0000,0.0000,0.0000,0.0000,0.0000,-2.660,-1.484,1.083,0.285,0.468,1.000000,0.000000
576,812.50,2.000,-14.915,0.1261,0.4187,0.0000,0.0000,0.0000,0.0000,0.0000,0.0000,0.0000,0.0000,0.0000,0.0000,0.0000,0.0000,0.0000,0.0000,100.0000,0.0000,0.0000,0.0000,0.0000,-2.814,-1.570,1.146,0.301,0.495,1.000000,0.000000
577,812.00,2.000,-14.920,0.1330,0.4190,0.0000,0.0000,0.0000,0.0000,0.0000,0.0000,0.0000,0.0000,0.0000,0.0000,0.0000,0.0000,0.0000,0.0000,100.0000,0.0000,0.0000,0.0000,0.0000,-2.967,-1.656,1.208,0.317,0.522,1.000000,0.000000
578,811.50,2.000,-14.925,0.1398,0.4193,0.0000,0.0000,0.0000,0.0000,0.0000,0.0000,0.0000,0.0000,0.0000,0.0000,0.0000,0.0000,0.0000,0.0000,100.0000,0.0000,0.0000,0.0000,0.0000,-3.119,-1.741,1.270,0.333,0.549,1.000000,0.000000
579,811.00,2.000,-14.929,0.1467,0.4197,0.0000,0.0000,0.0000,0.0000,0.0000,0.0000,0.0000,0.0000,0.0000,0.0000,0.0000,0.0000,0.0000,0.0000,100.0000,0.0000,0.0000,0.0000,0.0000,-3.270,-1.826,1.332,0.349,0.576,1.000000,0.000000
580,810.50,2.000,-14.934,0.1534,0.4200,0.0000,0.0000,0.0000,0.0000,0.0000,0.0000,0.0000,0.0000,0.0000,0.0000,0.0000,0.0000,0.0000,0.0000,100.0000,0.0000,0.0000,0.0000,0.0000,-3.421,-1.911,1.393,0.365,0.603,1.000000,0.000000
581,810.00,2.000,-14.939,0.1602,0.4203,0.0000,0.0000,0.0000,0.0000,0.0000,0.0000,0.0000,0.0000,0.0000,0.0000,0.0000,0.0000,0.0000,0.0000,100.0000,0.0000,0.0000,0.0000,0.0000,-3.571,-1.995,1.454,0.381,0.630,1.000000,0.000000
582,809.50,2.000,-14.944,0.1669,0.4206,0.0000,0.0000,0.0000,0.0000,0.0000,0.0000,0.0000,0.0000,0.0000,0.0000,0.0000,0.0000,0.0000,0.0000,100.0000,0.0000,0.0000,0.0000,0.0000,-3.720,-2.080,1.515,0.397,0.656,1.000000,0.000000
583,809.00,2.000,-14.948,0.1736,0.4209,0.0000,0.0000,0.0000,0.0000,0.0000,0.0000,0.0000,0.0000,0.0000,0.0000,0.0000,0.0000,0.0000,0.0000,100.0000,0.0000,0.0000,0.0000,0.0000,-3.868,-2.163,1.575,0.413,0.683,1.000000,0.000000
584,808.50,2.000,-14.953,0.1803,0.4212,0.0000,0.0000,0.0000,0.0000,0.0000,0.0000,0.0000,0.0000,0.0000,0.0000,0.0000,0.0000,0.0000,0.0000,100.0000,0.0000,0.0000,0.0000,0.0000,-4.016,-2.247,1.636,0.428,0.709,1.000000,0.000000
585,808.00,2.000,-14.958,0.1870,0.4215,0.0000,0.0000,0.0000,0.0000,0.0000,0.0000,0.0000,0.0000,0.0000,0.0000,0.0000,0.0000,0.0000,0.0000,100.0000,0.0000,0.0000,0.0000,0.0000,-4.163,-2.330,1.696,0.444,0.736,1.000000,0.000000
586,807.50,2.000,-14.962,0.1936,0.4218,0.0000,0.0000,0.0000,0.0000,0.0000,0.0000,0.0000,0.0000,0.0000,0.0000,0.0000,0.0000,0.0000,0.0000,100.0000,0.0000,0.0000,0.0000,0.0000,-4.310,-2.413,1.755,0.459,0.762,1.000000,0.000000
587,807.00,2.000,-14.967,0.2002,0.4221,0.0000,0.0000,0.0000,0.0000,0.0000,0.0000,0.0000,0.0000,0.0000,0.0000,0.0000,0.0000,0.0000,0.0000,100.0000,0.0000,0.0000,0.0000,0.0000,-4.456,-2.496,1.815,0.474,0.788,1.000000,0.000000
588,806.50,2.000,-14.972,0.2067,0.4224,0.0000,0.0000,0.0000,0.0000,0.0000,0.0000,0.0000,0.0000,0.0000,0.0000,0.0000,0.0000,0.0000,0.0000,100.0000,0.0000,0.0000,0.0000,0.0000,-4.601,-2.578,1.874,0.489,0.815,1.000000,0.000000
589,806.00,2.000,-14.976,0.2133,0.4227,0.0000,0.0000,0.0000,0.0000,0.0000,0.0000,0.0000,0.0000,0.0000,0.0000,0.0000,0.0000,0.0000,0.0000,100.0000,0.0000,0.0000,0.0000,0.0000,-4.745,-2.660,1.933,0.505,0.841,1.000000,0.000000
590,805.50,2.000,-14.981,0.2198,0.4230,0.0000,0.0000,0.0000,0.0000,0.0000,0.0000,0.0000,0.0000,0.0000,0.0000,0.0000,0.0000,0.0000,0.0000,100.0000,0.0000,0.0000,0.0000,0.0000,-4.889,-2.741,1.991,0.520,0.867,1.000000,0.000000
591,805.00,2.000,-14.986,0.2263,0.4233,0.0000,0.0000,0.0000,0.0000,0.0000,0.0000,0.0000,0.0000,0.0000,0.0000,0.0000,0.0000,0.0000,0.0000,100.0000,0.0000,0.0000,0.0000,0.0000,-5.032,-2.823,2.050,0.534,0.893,1.000000,0.000000
592,804.50,2.000,-14.990,0.2327,0.4236,0.0000,0.0000,0.0000,0.0000,0.0000,0.0000,0.0000,0.0000,0.0000,0.0000,0.0000,0.0000,0.0000,0.0000,100.0000,0.0000,0.0000,0.0000,0.0000,-5.175,-2.904,2.108,0.549,0.918,1.000000,0.000000
593,804.00,2.000,-14.995,0.2391,0.4239,0.0000,0.0000,0.0000,0.0000,0.0000,0.0000,0.0000,0.0000,0.0000,0.0000,0.0000,0.0000,0.0000,0.0000,100.0000,0.0000,0.0000,0.0000,0.0000,-5.317,-2.984,2.165,0.564,0.944,1.000000,0.000000
594,803.50,2.000,-15.000,0.2455,0.4242,0.0000,0.0000,0.0000,0.0000,0.0000,0.0000,0.0000,0.0000,0.0000,0.0000,0.0000,0.0000,0.0000,0.0000,100.0000,0.0000,0.0000,0.0000,0.0000,-5.458,-3.065,2.223,0.579,0.970,1.000000,0.000000
595,803.00,2.000,-15.004,0.2519,0.4246,0.0000,0.0000,0.0000,0.0000,0.0000,0.0000,0.0000,0.0000,0.0000,0.0000,0.0000,0.0000,0.0000,0.0000,100.0000,0.0000,0.0000,0.0000,0.0000,-5.598,-3.145,2.280,0.593,0.995,1.000000,0.000000
596,802.50,2.000,-15.009,0.2583,0.4249,0.0000,0.0000,0.0000,0.0000,0.0000,0.0000,0.0000,0.0000,0.0000,0.0000,0.0000,0.0000,0.0000,0.0000,100.0000,0.0000,0.0000,0.0000,0.0000,-5.738,-3.224,2.337,0.608,1.021,1.000000,0.000000
597,802.00,2.000,-15.013,0.2646,0.4252,0.0000,0.0000,0.0000,0.0000,0.0000,0.0000,0.0000,0.0000,0.0000,0.0000,0.0000,0.0000,0.0000,0.0000,100.0000,0.0000,0.0000,0.0000,0.0000,-5.877,-3.304,2.394,0.622,1.046,1.000000,0.000000
598,801.50,2.000,-15.018,0.2709,0.4255,0.0000,0.0000,0.0000,0.0000,0.0000,0.0000,0.0000,0.0000,0.0000,0.0000,0.0000,0.0000,0.0000,0.0000,100.0000,0.0000,0.0000,0.0000,0.0000,-6.016,-3.383,2.450,0.637,1.071,1.000000,0.000000
599,801.00,2.000,-15.022,0.2771,0.4258,0.0000,0.0000,0.0000,0.0000,0.0000,0.0000,0.0000,0.0000,0.0000,0.0000,0.0000,0.0000,0.0000,0.0000,100.0000,0.0000,0.0000,0.0000,0.0000,-6.154,-3.462,2.506,0.651,1.097,1.000000,0.000000
600,800.50,2.000,-15.027,0.2834,0.4261,0.0000,0.0000,0.0000,0.0000,0.0000,0.0000,0.0000,0.0000,0.0000,0.0000,0.0000,0.0000,0.0000,0.0000,100.0000,0.0000,0.0000,0.0000,0.0000,-6.291,-3.540,2.562,0.665,1.122,1.000000,0.000000
601,800.00,2.000,-15.031,0.2896,0.4264,0.0000,0.0000,0.0000,0.0000,0.0000,0.0000,0.0000,0.0000,0.0000,0.0000,0.0000,0.0000,0.0000,0.0000,100.0000,0.0000,0.0000,0.0000,0.0000,-6.428,-3.618,2.618,0.679,1.147,1.000000,0.000000
602,799.50,2.000,-15.036,0.2958,0.4267,0.0000,0.0000,0.0000,0.0000,0.0000,0.0000,0.0000,0.0000,0.0000,0.0000,0.0000,0.0000,0.0000,0.0000,100.0000,0.0000,0.0000,0.0000,0.0000,-6.564,-3.696,2.674,0.693,1.172,1.000000,0.000000
603,799.00,2.000,-15.040,0.3020,0.4270,0.0000,0.0000,0.0000,0.0000,0.0000,0.0000,0.0000,0.0000,0.0000,0.0000,0.0000,0.0000,0.0000,0.0000,100.0000,0.0000,0.0000,0.0000,0.0000,-6.700,-3.774,2.729,0.707,1.196,1.000000,0.000000
604,798.50,2.000,-15.045,0.3081,0.4274,0.0000,0.0000,0.0000,0.0000,0.0000,0.0000,0.0000,0.0000,0.0000,0.0000,0.0000,0.0000,0.0000,0.0000,100.0000,0.0000,0.0000,0.0000,0.0000,-6.834,-3.851,2.784,0.721,1.221,1.000000,0.000000
605,798.00,2.000,-15.049,0.3142,0.4277,0.0000,0.0000,0.0000,0.0000,0.0000,0.0000,0.0000,0.0000,0.0000,0.0000,0.0000,0.0000,0.0000,0.0000,100.0000,0.0000,0.0000,0.0000,0.0000,-6.969,-3.928,2.838,0.735,1.246,1.000000,0.000000
606,797.50,2.000,-15.054,0.3203,0.4280,0.0000,0.0000,0.0000,0.0000,0.0000,0.0000,0.0000,0.0000,0.0000,0.0000,0.0000,0.0000,0.0000,0.0000,100.0000,0.0000,0.0000,0.0000,0.0000,-7.102,-4.005,2.893,0.748,1.271,1.000000,0.000000
607,797.00,2.000,-15.058,0.3264,0.4283,0.0000,0.0000,0.0000,0.0000,0.0000,0.0000,0.0000,0.0000,0.0000,0.0000,0.0000,0.0000,0.0000,0.0000,100.0000,0.0000,0.0000,0.0000,0.0000,-7.235,-4.082,2.947,0.762,1.295,1.000000,0.000000
608,796.50,2.000,-15.063,0.3324,0.4286,0.0000,0.0000,0.0000,0.0000,0.0000,0.0000,0.0000,0.0000,0.0000,0.0000,0.0000,0.0000,0.0000,0.0000,100.0000,0.0000,0.0000,0.0000,0.0000,-7.368,-4.158,3.001,0.776,1.320,1.000000,0.000000
609,796.00,2.000,-15.067,0.3384,0.4289,0.0000,0.0000,0.0000,0.0000,0.0000,0.0000,0.0000,0.0000,0.0000,0.0000,0.0000,0.0000,0.0000,0.0000,100.0000,0.0000,0.0000,0.0000,0.0000,-7.500,-4.234,3.054,0.789,1.344,1.000000,0.000000
610,795.50,2.000,-15.072,0.3444,0.4293,0.0000,0.0000,0.0000,0.0000,0.0000,0.0000,0.0000,0.0000,0.0000,0.0000,0.0000,0.0000,0.0000,0.0000,100.0000,0.0000,0.0000,0.0000,0.0000,-7.631,-4.310,3.108,0.802,1.368,1.000000,0.000000
611,795.00,2.000,-15.076,0.3504,0.4296,0.0000,0.0000,0.0000,0.0000,0.0000,0.0000,0.0000,0.0000,0.0000,0.0000,0.0000,0.0000,0.0000,0.0000,100.0000,0.0000,0.0000,0.0000,0.0000,-7.761,-4.385,3.161,0.816,1.392,1.000000,0.000000
612,794.50,2.000,-15.080,0.3563,0.4299,0.0000,0.0000,0.0000,0.0000,0.0000,0.0000,0.0000,0.0000,0.0000,0.0000,0.0000,0.0000,0.0000,0.0000,100.0000,0.0000,0.0000,0.0000,0.0000,-7.891,-4.460,3.214,0.829,1.417,1.000000,0.000000
613,794.00,2.000,-15.085,0.3622,0.4302,0.0000,0.0000,0.0000,0.0000,0.0000,0.0000,0.0000,0.0000,0.0000,0.0000,0.0000,0.0000,0.0000,0.0000,100.0000,0.0000,0.0000,0.0000,0.0000,-8.021,-4.535,3.267,0.842,1.441,1.000000,0.000000
614,793.50,2.000,-15.089,0.3681,0.4305,0.0000,0.0000,0.0000,0.0000,0.0000,0.0000,0.0000,0.0000,0.0000,0.0000,0.0000,0.0000,0.0000,0.0000,100.0000,0.0000,0.0000,0.0000,0.0000,-8.150,-4.609,3.319,0.855,1.465,1.000000,0.000000
615,793.00,2.000,-15.094,0.3740,0.4308,0.0000,0.0000,0.0000,0.0000,0.0000,0.0000,0.0000,0.0000,0.0000,0.0000,0.0000,0.0000,0.0000,0.0000,100.0000,0.0000,0.0000,0.0000,0.0000,-8.278,-4.684,3.371,0.868,1.488,1.000000,0.000000
616,792.50,2.000,-15.098,0.3799,0.4312,0.0000,0.0000,0.0000,0.0000,0.0000,0.0000,0.0000,0.0000,0.0000,0.0000,0.0000,0.0000,0.0000,0.0000,100.0000,0.0000,0.0000,0.0000,0.0000,-8.406,-4.757,3.423,0.881,1.512,1.000000,0.000000
617,792.00,2.000,-15.102,0.3857,0.4315,0.0000,0.0000,0.0000,0.0000,0.0000,0.0000,0.0000,0.0000,0.0000,0.0000,0.0000,0.0000,0.0000,0.0000,100.0000,0.0000,0.0000,0.0000,0.0000,-8.533,-4.831,3.475,0.894,1.536,1.000000,0.000000
618,791.50,2.000,-15.107,0.3915,0.4318,0.0000,0.0000,0.0000,0.0000,0.0000,0.0000,0.0000,0.0000,0.0000,0.0000,0.0000,0.0000,0.0000,0.0000,100.0000,0.0000,0.0000,0.0000,0.0000,-8.659,-4.905,3.527,0.907,1.560,1.000000,0.000000
619,791.00,2.000,-15.111,0.3973,0.4321,0.0000,0.0000,0.0000,0.0000,0.0000,0.0000,0.0000,0.0000,0.0000,0.0000,0.0000,0.0000,0.0000,0.0000,100.0000,0.0000,0.0000,0.0000,0.0000,-8.785,-4.978,3.578,0.919,1.583,1.000000,0.000000
620,790.50,2.000,-15.115,0.4030,0.4324,0.0000,0.0000,0.0000,0.0000,0.0000,0.0000,0.0000,0.0000,0.0000,0.0000,0.0000,0.0000,0.0000,0.0000,100.0000,0.0000,0.0000,0.0000,0.0000,-8.911,-5.051,3.629,0.932,1.607,1.000000,0.000000
621,790.00,2.000,-15.120,0.4087,0.4328,0.0000,0.0000,0.0000,0.0000,0.0000,0.0000,0.0000,0.0000,0.0000,0.0000,0.0000,0.0000,0.0000,0.0000,100.0000,0.0000,0.0000,0.0000,0.0000,-9.036,-5.123,3.680,0.944,1.630,1.000000,0.000000
622,789.50,2.000,-15.124,0.4144,0.4331,0.0000,0.0000,0.0000,0.0000,0.0000,0.0000,0.0000,0.0000,0.0000,0.0000,0.0000,0.0000,0.0000,0.0000,100.0000,0.0000,0.0000,0.0000,0.0000,-9.160,-5.196,3.731,0.957,1.654,1.000000,0.000000
623,789.00,2.000,-15.128,0.4201,0.4334,0.0000,0.0000,0.0000,0.0000,0.0000,0.0000,0.0000,0.0000,0.0000,0.0000,0.0000,0.0000,0.0000,0.0000,100.0000,0.0000,0.0000,0.0000,0.0000,-9.284,-5.268,3.781,0.969,1.677,1.000000,0.000000
624,788.50,2.000,-15.133,0.4258,0.4337,0.0000,0.0000,0.0000,0.0000,0.0000,0.0000,0.0000,0.0000,0.0000,0.0000,0.0000,0.0000,0.0000,0.0000,100.0000,0.0000,0.0000,0.0000,0.0000,-9.407,-5.340,3.831,0.982,1.700,1.000000,0.000000
625,788.00,2.000,-15.137,0.4314,0.4341,0.0000,0.0000,0.0000,0.0000,0.0000,0.0000,0.0000,0.0000,0.0000,0.0000,0.0000,0.0000,0.0000,0.0000,100.0000,0.0000,0.0000,0.0000,0.0000,-9.530,-5.411,3.881,0.994,1.723,1.000000,0.000000
626,787.50,2.000,-15.141,0.4370,0.4344,0.0000,0.0000,0.0000,0.0000,0.0000,0.0000,0.0000,0.0000,0.0000,0.0000,0.0000,0.0000,0.0000,0.0000,100.0000,0.0000,0.0000,0.0000,0.0000,-9.652,-5.483,3.931,1.006,1.746,1.000000,0.000000
627,787.00,2.000,-15.146,0.4426,0.4347,0.0000,0.0000,0.0000,0.0000,0.0000,0.0000,0.0000,0.0000,0.0000,0.0000,0.0000,0.0000,0.0000,0.0000,100.0000,0.0000,0.0000,0.0000,0.0000,-9.773,-5.554,3.980,1.018,1.769,1.000000,0.000000
628,786.50,2.000,-15.150,0.4482,0.4350,0.0000,0.0000,0.0000,0.0000,0.0000,0.0000,0.0000,0.0000,0.0000,0.0000,0.0000,0.0000,0.0000,0.0000,100.0000,0.0000,0.0000,0.0000,0.0000,-9.894,-5.624,4.030,1.030,1.792,1.000000,0.000000
629,786.00,2.000,-15.154,0.4538,0.4354,0.0000,0.0000,0.0000,0.0000,0.0000,0.0000,0.0000,0.0000,0.0000,0.0000,0.0000,0.0000,0.0000,0.0000,100.0000,0.0000,0.0000,0.0000,0.0000,-10.015,-5.695,4.079,1.042,1.815,1.000000,0.000000
630,785.50,2.000,-15.159,0.4593,0.4357,0.0000,0.0000,0.0000,0.0000,0.0000,0.0000,0.0000,0.0000,0.0000,0.0000,0.0000,0.0000,0.0000,0.0000,100.0000,0.0000,0.0000,0.0000,0.0000,-10.135,-5.765,4.127,1.054,1.838,1.000000,0.000000
631,785.00,2.000,-15.163,0.4648,0.4360,0.0000,0.0000,0.0000,0.0000,0.0000,0.0000,0.0000,0.0000,0.0000,0.0000,0.0000,0.0000,0.0000,0.0000,100.0000,0.0000,0.0000,0.0000,0.0000,-10.254,-5.835,4.176,1.066,1.861,1.000000,0.000000
632,784.50,2.000,-15.167,0.4703,0.4363,0.0000,0.0000,0.0000,0.0000,0.0000,0.0000,0.0000,0.0000,0.0000,0.0000,0.0000,0.0000,0.0000,0.0000,100.0000,0.0000,0.0000,0.0000,0.0000,-10.373,-5.905,4.224,1.078,1.883,1.000000,0.000000
633,784.00,2.000,-15.171,0.4758,0.4367,0.0000,0.0000,0.0000,0.0000,0.0000,0.0000,0.0000,0.0000,0.0000,0.0000,0.0000,0.0000,0.0000,0.0000,100.0000,0.0000,0.0000,0.0000,0.0000,-10.492,-5.975,4.273,1.090,1.906,1.000000,0.000000
634,783.50,2.000,-15.176,0.4812,0.4370,0.0000,0.0000,0.0000,0.0000,0.0000,0.0000,0.0000,0.0000,0.0000,0.0000,0.0000,0.0000,0.0000,0.0000,100.0000,0.0000,0.0000,0.0000,0.0000,-10.610,-6.044,4.321,1.101,1.928,1.000000,0.000000
635,783.00,2.000,-15.180,0.4866,0.4373,0.0000,0.0000,0.0000,0.0000,0.0000,0.0000,0.0000,0.0000,0.0000,0.0000,0.0000,0.0000,0.0000,0.0000,100.0000,0.0000,0.0000,0.0000,0.0000,-10.727,-6.113,4.368,1.113,1.951,1.000000,0.000000
636,782.50,2.000,-15.184,0.4920,0.4376,0.0000,0.0000,0.0000,0.0000,0.0000,0.0000,0.0000,0.0000,0.0000,0.0000,0.0000,0.0000,0.0000,0.0000,100.0000,0.0000,0.0000,0.0000,0.0000,-10.844,-6.182,4.416,1.124,1.973,1.000000,0.000000
637,782.00,2.000,-15.188,0.4974,0.4380,0.0000,0.0000,0.0000,0.0000,0.0000,0.0000,0.0000,0.0000,0.0000,0.0000,0.0000,0.0000,0.0000,0.0000,100.0000,0.0000,0.0000,0.0000,0.0000,-10.960,-6.251,4.463,1.136,1.996,1.000000,0.000000
638,781.50,2.000,-15.193,0.5028,0.4383,0.0000,0.0000,0.0000,0.0000,0.0000,0.0000,0.0000,0.0000,0.0000,0.0000,0.0000,0.0000,0.0000,0.0000,100.0000,0.0000,0.0000,0.0000,0.0000,-11.076,-6.319,4.510,1.147,2.018,1.000000,0.000000
639,781.00,2.000,-15.197,0.5081,0.4386,0.0000,0.0000,0.0000,0.0000,0.0000,0.0000,0.0000,0.0000,0.0000,0.0000,0.0000,0.0000,0.0000,0.0000,100.0000,0.0000,0.0000,0.0000,0.0000,-11.191,-6.387,4.557,1.158,2.040,1.000000,0.000000
640,780.50,2.000,-15.201,0.5134,0.4390,0.0000,0.0000,0.0000,0.0000,0.0000,0.0000,0.0000,0.0000,0.0000,0.0000,0.0000,0.0000,0.0000,0.0000,100.0000,0.0000,0.0000,0.0000,0.0000,-11.306,-6.455,4.604,1.170,2.062,1.000000,0.000000
641,780.00,2.000,-15.205,0.5187,0.4393,0.0000,0.0000,0.0000,0.0000,0.0000,0.0000,0.0000,0.0000,0.0000,0.0000,0.0000,0.0000,0.0000,0.0000,100.0000,0.0000,0.0000,0.0000,0.0000,-11.421,-6.523,4.651,1.181,2.084,1.000000,0.000000
642,779.50,2.000,-15.209,0.5240,0.4396,0.0000,0.0000,0.0000,0.0000,0.0000,0.0000,0.0000,0.0000,0.0000,0.0000,0.0000,0.0000,0.0000,0.0000,100.0000,0.0000,0.0000,0.0000,0.0000,-11.535,-6.590,4.697,1.192,2.106,1.000000,0.000000
643,779.00,2.000,-15.214,0.5293,0.4400,0.0000,0.0000,0.0000,0.0000,0.0000,0.0000,0.0000,0.0000,0.0000,0.0000,0.0000,0.0000,0.0000,0.0000,100.0000,0.0000,0.0000,0.0000,0.0000,-11.648,-6.657,4.743,1.203,2.128,1.000000,0.000000
644,778.50,2.000,-15.218,0.5345,0.4403,0.0000,0.0000,0.0000,0.0000,0.0000,0.0000,0.0000,0.0000,0.0000,0.0000,0.0000,0.0000,0.0000,0.0000,100.0000,0.0000,0.0000,0.0000,0.0000,-11.761,-6.724,4.789,1.214,2.150,1.000000,0.000000
645,778.00,2.000,-15.222,0.5397,0.4406,0.0000,0.0000,0.0000,0.0000,0.0000,0.0000,0.0000,0.0000,0.0000,0.0000,0.0000,0.0000,0.0000,0.0000,100.0000,0.0000,0.0000,0.0000,0.0000,-11.873,-6.791,4.835,1.225,2.172,1.000000,0.000000
646,777.50,2.000,-15.226,0.5449,0.4410,0.0000,0.0000,0.0000,0.0000,0.0000,0.0000,0.0000,0.0000,0.0000,0.0000,0.0000,0.0000,0.0000,0.0000,100.0000,0.0000,0.0000,0.0000,0.0000,-11.985,-6.858,4.880,1.236,2.193,1.000000,0.000000
647,777.00,2.000,-15.230,0.5501,0.4413,0.0000,0.0000,0.0000,0.0000,0.0000,0.0000,0.0000,0.0000,0.0000,0.0000,0.0000,0.0000,0.0000,0.0000,100.0000,0.0000,0.0000,0.0000,0.0000,-12.097,-6.924,4.926,1.247,2.215,1.000000,0.000000
648,776.50,2.000,-15.235,0.5553,0.4416,0.0000,0.0000,0.0000,0.0000,0.0000,0.0000,0.0000,0.0000,0.0000,0.0000,0.0000,0.0000,0.0000,0.0000,100.0000,0.0000,0.0000,0.0000,0.0000,-12.208,-6.990,4.971,1.257,2.237,1.000000,0.000000
649,776.00,2.000,-15.239,0.5604,0.4420,0.0000,0.0000,0.0000,0.0000,0.0000,0.0000,0.0000,0.0000,0.0000,0.0000,0.0000,0.0000,0.0000,0.0000,100.0000,0.0000,0.0000,0.0000,0.0000,-12.318,-7.056,5.016,1.268,2.258,1.000000,0.000000
650,775.50,2.000,-15.243,0.5655,0.4423,0.0000,0.0000,0.0000,0.0000,0.0000,0.0000,0.0000,0.0000,0.0000,0.0000,0.0000,0.0000,0.0000,0.0000,100.0000,0.0000,0.0000,0.0000,0.0000,-12.428,-7.122,5.060,1.279,2.280,1.000000,0.000000
651,775.00,2.000,-15.247,0.5706,0.4426,0.0000,0.0000,0.0000,0.0000,0.0000,0.0000,0.0000,0.0000,0.0000,0.0000,0.0000,0.0000,0.0000,0.0000,100.0000,0.0000,0.0000,0.0000,0.0000,-12.538,-7.187,5.105,1.289,2.301,1.000000,0.000000
652,774.50,2.000,-15.251,0.5757,0.4430,0.0000,0.0000,0.0000,0.0000,0.0000,0.0000,0.0000,0.0000,0.0000,0.0000,0.0000,0.0000,0.0000,0.0000,100.0000,0.0000,0.0000,0.0000,0.0000,-12.647,-7.252,5.149,1.300,2.322,1.000000,0.000000
653,774.00,2.000,-15.255,0.5808,0.4433,0.0000,0.0000,0.0000,0.0000,0.0000,0.0000,0.0000,0.0000,0.0000,0.0000,0.0000,0.0000,0.0000,0.0000,100.0000,0.0000,0.0000,0.0000,0.0000,-12.756,-7.317,5.194,1.310,2.344,1.000000,0.000000
654,773.50,2.000,-15.260,0.5858,0.4436,0.0000,0.0000,0.0000,0.0000,0.0000,0.0000,0.0000,0.0000,0.0000,0.0000,0.0000,0.0000,0.0000,0.0000,100.0000,0.0000,0.0000,0.0000,0.0000,-12.864,-7.382,5.238,1.321,2.365,1.000000,0.000000
655,773.00,2.000,-15.264,0.5909,0.4440,0.0000,0.0000,0.0000,0.0000,0.0000,0.0000,0.0000,0.0000,0.0000,0.0000,0.0000,0.0000,0.0000,0.0000,100.0000,0.0000,0.0000,0.0000,0.0000,-12.972,-7.447,5.281,1.331,2.386,1.000000,0.000000
656,772.50,2.000,-15.268,0.5959,0.4443,0.0000,0.0000,0.0000,0.0000,0.0000,0.0000,0.0000,0.0000,0.0000,0.0000,0.0000,0.0000,0.0000,0.0000,100.0000,0.0000,0.0000,0.0000,0.0000,-13.079,-7.511,5.325,1.341,2.407,1.000000,0.000000
657,772.00,2.000,-15.272,0.6009,0.4447,0.0000,0.0000,0.0000,0.0000,0.0000,0.0000,0.0000,0.0000,0.0000,0.0000,0.0000,0.0000,0.0000,0.0000,100.0000,0.0000,0.0000,0.0000,0.0000,-13.186,-7.575,5.369,1.351,2.428,1.000000,0.000000
658,771.50,2.000,-15.276,0.6058,0.4450,0.0000,0.0000,0.0000,0.0000,0.0000,0.0000,0.0000,0.0000,0.0000,0.0000,0.0000,0.0000,0.0000,0.0000,100.0000,0.0000,0.0000,0.0000,0.0000,-13.292,-7.639,5.412,1.361,2.449,1.000000,0.000000
659,771.00,2.000,-15.280,0.6108,0.4453,0.0000,0.0000,0.0000,0.0000,0.0000,0.0000,0.0000,0.0000,0.0000,0.0000,0.0000,0.0000,0.0000,0.0000,100.0000,0.0000,0.0000,0.0000,0.0000,-13.398,-7.703,5.455,1.372,2.470,1.000000,0.000000
660,770.50,2.000,-15.284,0.6157,0.4457,0.0000,0.0000,0.0000,0.0000,0.0000,0.0000,0.0000,0.0000,0.0000,0.0000,0.0000,0.0000,0.0000,0.0000,100.0000,0.0000,0.0000,0.0000,0.0000,-13.504,-7.766,5.498,1.382,2.491,1.000000,0.000000
661,770.00,2.000,-15.289,0.6207,0.4460,0.0000,0.0000,0.0000,0.0000,0.0000,0.0000,0.0000,0.0000,0.0000,0.0000,0.0000,0.0000,0.0000,0.0000,100.0000,0.0000,0.0000,0.0000,0.0000,-13.609,-7.829,5.541,1.392,2.512,1.000000,0.000000
662,769.50,2.000,-15.293,0.6256,0.4464,0.0000,0.0000,0.0000,0.0000,0.0000,0.0000,0.0000,0.0000,0.0000,0.0000,0.0000,0.0000,0.0000,0.0000,100.0000,0.0000,0.0000,0.0000,0.0000,-13.714,-7.893,5.583,1.401,2.532,1.000000,0.000000
663,769.00,2.000,-15.297,0.6304,0.4467,0.0000,0.0000,0.0000,0.0000,0.0000,0.0000,0.0000,0.0000,0.0000,0.0000,0.0000,0.0000,0.0000,0.0000,100.0000,0.0000,0.0000,0.0000,0.0000,-13.818,-7.955,5.625,1.411,2.553,1.000000,0.000000
664,768.50,2.000,-15.301,0.6353,0.4470,0.0000,0.0000,0.0000,0.0000,0.0000,0.0000,0.0000,0.0000,0.0000,0.0000,0.0000,0.0000,0.0000,0.0000,100.0000,0.0000,0.0000,0.0000,0.0000,-13.922,-8.018,5.668,1.421,2.574,1.000000,0.000000
665,768.00,2.000,-15.305,0.6402,0.4474,0.0000,0.0000,0.0000,0.0000,0.0000,0.0000,0.0000,0.0000,0.0000,0.0000,0.0000,0.0000,0.0000,0.0000,100.0000,0.0000,0.0000,0.0000,0.0000,-14.025,-8.081,5.710,1.431,2.594,1.000000,0.000000
666,767.50,2.000,-15.309,0.6450,0.4477,0.0000,0.0000,0.0000,0.0000,0.0000,0.0000,0.0000,0.0000,0.0000,0.0000,0.0000,0.0000,0.0000,0.0000,100.0000,0.0000,0.0000,0.0000,0.0000,-14.128,-8.143,5.752,1.441,2.615,1.000000,0.000000
667,767.00,2.000,-15.313,0.6498,0.4481,0.0000,0.0000,0.0000,0.0000,0.0000,0.0000,0.0000,0.0000,0.0000,0.0000,0.0000,0.0000,0.0000,0.0000,100.0000,0.0000,0.0000,0.0000,0.0000,-14.231,-8.205,5.793,1.450,2.635,1.000000,0.000000
668,766.50,2.000,-15.317,0.6546,0.4484,0.0000,0.0000,0.0000,0.0000,0.0000,0.0000,0.0000,0.0000,0.0000,0.0000,0.0000,0.0000,0.0000,0.0000,100.0000,0.0000,0.0000,0.0000,0.0000,-14.333,-8.267,5.835,1.460,2.656,1.000000,0.000000
669,766.00,2.000,-15.322,0.6594,0.4487,0.0000,0.0000,0.0000,0.0000,0.0000,0.0000,0.0000,0.0000,0.0000,0.0000,0.0000,0.0000,0.0000,0.0000,100.0000,0.0000,0.0000,0.0000,0.0000,-14.435,-8.329,5.876,1.469,2.676,1.000000,0.000000
670,765.50,2.000,-15.326,0.6642,0.4491,0.0000,0.0000,0.0000,0.0000,0.0000,0.0000,0.0000,0.0000,0.0000,0.0000,0.0000,0.0000,0.0000,0.0000,100.0000,0.0000,0.0000,0.0000,0.0000,-14.536,-8.390,5.917,1.479,2.696,1.000000,0.000000
671,765.00,2.000,-15.330,0.6689,0.4494,0.0000,0.0000,0.0000,0.0000,0.0000,0.0000,0.0000,0.0000,0.0000,0.0000,0.0000,0.0000,0.0000,0.0000,100.0000,0.0000,0.0000,0.0000,0.0000,-14.637,-8.452,5.958,1.488,2.717,1.000000,0.000000
672,764.50,2.000,-15.334,0.6736,0.4498,0.0000,0.0000,0.0000,0.0000,0.0000,0.0000,0.0000,0.0000,0.0000,0.0000,0.0000,0.0000,0.0000,0.0000,100.0000,0.0000,0.0000,0.0000,0.0000,-14.738,-8.513,5.999,1.498,2.737,1.000000,0.000000
673,764.00,2.000,-15.338,0.6783,0.4501,0.0000,0.0000,0.0000,0.0000,0.0000,0.0000,0.0000,0.0000,0.0000,0.0000,0.0000,0.0000,0.0000,0.0000,100.0000,0.0000,0.0000,0.0000,0.0000,-14.838,-8.574,6.040,1.507,2.757,1.000000,0.000000
674,763.50,2.000,-15.342,0.6830,0.4505,0.0000,0.0000,0.0000,0.0000,0.0000,0.0000,0.0000,0.0000,0.0000,0.0000,0.0000,0.0000,0.0000,0.0000,100.0000,0.0000,0.0000,0.0000,0.0000,-14.938,-8.635,6.080,1.516,2.777,1.000000,0.000000
675,763.00,2.000,-15.346,0.6877,0.4508,0.0000,0.0000,0.0000,0.0000,0.0000,0.0000,0.0000,0.0000,0.0000,0.0000,0.0000,0.0000,0.0000,0.0000,100.0000,0.0000,0.0000,0.0000,0.0000,-15.037,-8.695,6.121,1.526,2.797,1.000000,0.000000
676,762.50,2.000,-15.350,0.6924,0.4512,0.0000,0.0000,0.0000,0.0000,0.0000,0.0000,0.0000,0.0000,0.0000,0.0000,0.0000,0.0000,0.0000,0.0000,100.0000,0.0000,0.0000,0.0000,0.0000,-15.136,-8.756,6.161,1.535,2.817,1.000000,0.000000
677,762.00,2.000,-15.354,0.6971,0.4515,0.0000,0.0000,0.0000,0.0000,0.0000,0.0000,0.0000,0.0000,0.0000,0.0000,0.0000,0.0000,0.0000,0.0000,100.0000,0.0000,0.0000,0.0000,0.0000,-15.235,-8.816,6.201,1.544,2.837,1.000000,0.000000
678,761.50,2.000,-15.358,0.7017,0.4519,0.0000,0.0000,0.0000,0.0000,0.0000,0.0000,0.0000,0.0000,0.0000,0.0000,0.0000,0.0000,0.0000,0.0000,100.0000,0.0000,0.0000,0.0000,0.0000,-15.333,-8.876,6.241,1.553,2.857,1.000000,0.000000
679,761.00,2.000,-15.362,0.7063,0.4522,0.0000,0.0000,0.0000,0.0000,0.0000,0.0000,0.0000,0.0000,0.0000,0.0000,0.0000,0.0000,0.0000,0.0000,100.0000,0.0000,0.0000,0.0000,0.0000,-15.431,-8.936,6.280,1.562,2.877,1.000000,0.000000
680,760.50,2.000,-15.366,0.7109,0.4526,0.0000,0.0000,0.0000,0.0000,0.0000,0.0000,0.0000,0.0000,0.0000,0.0000,0.0000,0.0000,0.0000,0.0000,100.0000,0.0000,0.0000,0.0000,0.0000,-15.528,-8.995,6.320,1.571,2.897,1.000000,0.000000
681,760.00,2.000,-15.371,0.7155,0.4529,0.0000,0.0000,0.0000,0.0000,0.0000,0.0000,0.0000,0.0000,0.0000,0.0000,0.0000,0.0000,0.0000,0.0000,100.0000,0.0000,0.0000,0.0000,0.0000,-15.625,-9.055,6.359,1.580,2.916,1.000000,0.000000
682,759.50,2.000,-15.375,0.7201,0.4533,0.0000,0.0000,0.0000,0.0000,0.0000,0.0000,0.0000,0.0000,0.0000,0.0000,0.0000,0.0000,0.0000,0.0000,100.0000,0.0000,0.0000,0.0000,0.0000,-15.722,-9.114,6.398,1.589,2.936,1.000000,0.000000
683,759.00,2.000,-15.379,0.7246,0.4536,0.0000,0.0000,0.0000,0.0000,0.0000,0.0000,0.0000,0.0000,0.0000,0.0000,0.0000,0.0000,0.0000,0.0000,100.0000,0.0000,0.0000,0.0000,0.0000,-15.818,-9.173,6.437,1.597,2.956,1.000000,0.000000
684,758.50,2.000,-15.383,0.7292,0.4540,0.0000,0.0000,0.0000,0.0000,0.0000,0.0000,0.0000,0.0000,0.0000,0.0000,0.0000,0.0000,0.0000,0.0000,100.0000,0.0000,0.0000,0.0000,0.0000,-15.914,-9.232,6.476,1.606,2.975,1.000000,0.000000
685,758.00,2.000,-15.387,0.7337,0.4543,0.0000,0.0000,0.0000,0.0000,0.0000,0.0000,0.0000,0.0000,0.0000,0.0000,0.0000,0.0000,0.0000,0.0000,100.0000,0.0000,0.0000,0.0000,0.0000,-16.009,-9.291,6.515,1.615,2.995,1.000000,0.000000
686,757.50,2.000,-15.391,0.7382,0.4547,0.0000,0.0000,0.0000,0.0000,0.0000,0.0000,0.0000,0.0000,0.0000,0.0000,0.0000,0.0000,0.0000,0.0000,100.0000,0.0000,0.0000,0.0000,0.0000,-16.105,-9.350,6.554,1.624,3.014,1.000000,0.000000
687,757.00,2.000,-15.395,0.7427,0.4550,0.0000,0.0000,0.0000,0.0000,0.0000,0.0000,0.0000,0.0000,0.0000,0.0000,0.0000,0.0000,0.0000,0.0000,100.0000,0.0000,0.0000,0.0000,0.0000,-16.199,-9.408,6.592,1.632,3.034,1.000000,0.000000
688,756.50,2.000,-15.399,0.7472,0.4554,0.0000,0.0000,0.0000,0.0000,0.0000,0.0000,0.0000,0.0000,0.0000,0.0000,0.0000,0.0000,0.0000,0.0000,100.0000,0.0000,0.0000,0.0000,0.0000,-16.294,-9.467,6.631,1.641,3.053,1.000000,0.000000
689,756.00,2.000,-15.403,0.7517,0.4557,0.0000,0.0000,0.0000,0.0000,0.0000,0.0000,0.0000,0.0000,0.0000,0.0000,0.0000,0.0000,0.0000,0.0000,100.0000,0.0000,0.0000,0.0000,0.0000,-16.388,-9.525,6.669,1.649,3.072,1.000000,0.000000
690,755.50,2.000,-15.407,0.7561,0.4561,0.0000,0.0000,0.0000,0.0000,0.0000,0.0000,0.0000,0.0000,0.0000,0.0000,0.0000,0.0000,0.0000,0.0000,100.0000,0.0000,0.0000,0.0000,0.0000,-16.482,-9.583,6.707,1.658,3.092,1.000000,0.000000
691,755.00,2.000,-15.411,0.7606,0.4564,0.0000,0.0000,0.0000,0.0000,0.0000,0.0000,0.0000,0.0000,0.0000,0.0000,0.0000,0.0000,0.0000,0.0000,100.0000,0.0000,0.0000,0.0000,0.0000,-16.575,-9.641,6.745,1.666,3.111,1.000000,0.000000
692,754.50,2.000,-15.415,0.7650,0.4568,0.0000,0.0000,0.0000,0.0000,0.0000,0.0000,0.0000,0.0000,0.0000,0.0000,0.0000,0.0000,0.0000,0.0000,100.0000,0.0000,0.0000,0.0000,0.0000,-16.668,-9.698,6.782,1.675,3.130,1.000000,0.000000
693,754.00,2.000,-15.419,0.7694,0.4572,0.0000,0.0000,0.0000,0.0000,0.0000,0.0000,0.0000,0.0000,0.0000,0.0000,0.0000,0.0000,0.0000,0.0000,100.0000,0.0000,0.0000,0.0000,0.0000,-16.761,-9.756,6.820,1.683,3.149,1.000000,0.000000
694,753.50,2.000,-15.423,0.7738,0.4575,0.0000,0.0000,0.0000,0.0000,0.0000,0.0000,0.0000,0.0000,0.0000,0.0000,0.0000,0.0000,0.0000,0.0000,100.0000,0.0000,0.0000,0.0000,0.0000,-16.853,-9.813,6.857,1.691,3.168,1.000000,0.000000
695,753.00,2.000,-15.427,0.7782,0.4579,0.0000,0.0000,0.0000,0.0000,0.0000,0.0000,0.0000,0.0000,0.0000,0.0000,0.0000,0.0000,0.0000,0.0000,100.0000,0.0000,0.0000,0.0000,0.0000,-16.945,-9.870,6.895,1.700,3.187,1.000000,0.000000
696,752.50,2.000,-15.431,0.7825,0.4582,0.0000,0.0000,0.0000,0.0000,0.0000,0.0000,0.0000,0.0000,0.0000,0.0000,0.0000,0.0000,0.0000,0.0000,100.0000,0.0000,0.0000,0.0000,0.0000,-17.037,-9.927,6.932,1.708,3.206,1.000000,0.000000
697,752.00,2.000,-15.436,0.7869,0.4586,0.0000,0.0000,0.0000,0.0000,0.0000,0.0000,0.0000,0.0000,0.0000,0.0000,0.0000,0.0000,0.0000,0.0000,100.0000,0.0000,0.0000,0.0000,0.0000,-17.128,-9.984,6.969,1.716,3.225,1.000000,0.000000
698,751.50,2.000,-15.440,0.7912,0.4589,0.0000,0.0000,0.0000,0.0000,0.0000,0.0000,0.0000,0.0000,0.0000,0.0000,0.0000,0.0000,0.0000,0.0000,100.0000,0.0000,0.0000,0.0000,0.0000,-17.219,-10.041,7.006,1.724,3.244,1.000000,0.000000
699,751.00,2.000,-15.444,0.7956,0.4593,0.0000,0.0000,0.0000,0.0000,0.0000,0.0000,0.0000,0.0000,0.0000,0.0000,0.0000,0.0000,0.0000,0.0000,100.0000,0.0000,0.0000,0.0000,0.0000,-17.310,-10.098,7.042,1.732,3.263,1.000000,0.000000
700,750.50,2.000,-15.448,0.7999,0.4597,0.0000,0.0000,0.0000,0.0000,0.0000,0.0000,0.0000,0.0000,0.0000,0.0000,0.0000,0.0000,0.0000,0.0000,100.0000,0.0000,0.0000,0.0000,0.0000,-17.400,-10.154,7.079,1.740,3.282,1.000000,0.000000
701,750.00,2.000,-15.452,0.8042,0.4600,0.0000,0.0000,0.0000,0.0000,0.0000,0.0000,0.0000,0.0000,0.0000,0.0000,0.0000,0.0000,0.0000,0.0000,100.0000,0.0000,0.0000,0.0000,0.0000,-17.490,-10.210,7.115,1.748,3.301,1.000000,0.000000
702,749.50,2.000,-15.456,0.8085,0.4604,0.0000,0.0000,0.0000,0.0000,0.0000,0.0000,0.0000,0.0000,0.0000,0.0000,0.0000,0.0000,0.0000,0.0000,100.0000,0.0000,0.0000,0.0000,0.0000,-17.580,-10.266,7.152,1.756,3.319,1.000000,0.000000
703,749.00,2.000,-15.460,0.8127,0.4607,0.0000,0.0000,0.0000,0.0000,0.0000,0.0000,0.0000,0.0000,0.0000,0.0000,0.0000,0.0000,0.0000,0.0000,100.0000,0.0000,0.0000,0.0000,0.0000,-17.669,-10.322,7.188,1.764,3.338,1.000000,0.000000
704,748.50,2.000,-15.464,0.8170,0.4611,0.0000,0.0000,0.0000,0.0000,0.0000,0.0000,0.0000,0.0000,0.0000,0.0000,0.0000,0.0000,0.0000,0.0000,100.0000,0.0000,0.0000,0.0000,0.0000,-17.758,-10.378,7.224,1.772,3.357,1.000000,0.000000
705,748.00,2.000,-15.471,0.8214,0.4615,0.0000,0.0000,0.0000,0.0000,0.0000,0.0000,0.0000,0.0000,0.0000,0.0000,0.0000,0.0000,0.0000,0.0000,100.0000,0.0000,0.0000,0.0000,0.0000,-17.850,-10.435,7.261,1.780,3.376,1.000000,0.000000
706,747.50,2.000,-15.486,0.8261,0.4618,0.0000,0.0000,0.0000,0.0000,0.0000,0.0000,0.0000,0.0000,0.0000,0.0000,0.0000,0.0000,0.0000,0.0000,100.0000,0.0000,0.0000,0.0000,0.0000,-17.949,-10.497,7.301,1.789,3.397,1.000000,0.000000
707,747.00,2.000,-15.500,0.8308,0.4622,0.0000,0.0000,0.0000,0.0000,0.0000,0.0000,0.0000,0.0000,0.0000,0.0000,0.0000,0.0000,0.0000,0.0000,100.0000,0.0000,0.0000,0.0000,0.0000,-18.047,-10.558,7.341,1.798,3.417,1.000000,0.000000
708,746.50,2.000,-15.515,0.8355,0.4625,0.0000,0.0000,0.0000,0.0000,0.0000,0.0000,0.0000,0.0000,0.0000,0.0000,0.0000,0.0000,0.0000,0.0000,100.0000,0.0000,0.0000,0.0000,0.0000,-18.145,-10.620,7.381,1.806,3.437,1.000000,0.000000
709,746.00,2.000,-15.530,0.8401,0.4629,0.0000,0.0000,0.0000,0.0000,0.0000,0.0000,0.0000,0.0000,0.0000,0.0000,0.0000,0.0000,0.0000,0.0000,100.0000,0.0000,0.0000,0.0000,0.0000,-18.243,-10.681,7.420,1.815,3.458,1.000000,0.000000
710,745.50,2.000,-15.545,0.8448,0.4633,0.0000,0.0000,0.0000,0.0000,0.0000,0.0000,0.0000,0.0000,0.0000,0.0000,0.0000,0.0000,0.0000,0.0000,100.0000,0.0000,0.0000,0.0000,0.0000,-18.340,-10.741,7.459,1.824,3.478,1.000000,0.000000
711,745.00,2.000,-15.559,0.8494,0.4636,0.0000,0.0000,0.0000,0.0000,0.0000,0.0000,0.0000,0.0000,0.0000,0.0000,0.0000,0.0000,0.0000,0.0000,100.0000,0.0000,0.0000,0.0000,0.0000,-18.436,-10.802,7.498,1.832,3.498,1.000000,0.000000
712,744.50,2.000,-15.574,0.8540,0.4640,0.0000,0.0000,0.0000,0.0000,0.0000,0.0000,0.0000,0.0000,0.0000,0.0000,0.0000,0.0000,0.0000,0.0000,100.0000,0.0000,0.0000,0.0000,0.0000,-18.533,-10.862,7.537,1.841,3.519,1.000000,0.000000
713,744.00,2.000,-15.589,0.8586,0.4644,0.0000,0.0000,0.0000,0.0000,0.0000,0.0000,0.0000,0.0000,0.0000,0.0000,0.0000,0.0000,0.0000,0.0000,100.0000,0.0000,0.0000,0.0000,0.0000,-18.628,-10.922,7.576,1.849,3.539,1.000000,0.000000
714,743.50,2.000,-15.603,0.8632,0.4647,0.0000,0.0000,0.0000,0.0000,0.0000,0.0000,0.0000,0.0000,0.0000,0.0000,0.0000,0.0000,0.0000,0.0000,100.0000,0.0000,0.0000,0.0000,0.0000,-18.724,-10.982,7.615,1.857,3.559,1.000000,0.000000
715,743.00,2.000,-15.618,0.8677,0.4651,0.0000,0.0000,0.0000,0.0000,0.0000,0.0000,0.0000,0.0000,0.0000,0.0000,0.0000,0.0000,0.0000,0.0000,100.0000,0.0000,0.0000,0.0000,0.0000,-18.819,-11.042,7.653,1.866,3.579,1.000000,0.000000
716,742.50,2.000,-15.643,0.8887,0.4655,0.0000,0.0000,0.0000,0.0000,0.0000,0.0000,0.0000,0.0000,0.0000,0.0000,0.0000,0.0000,0.0000,0.0000,100.0000,0.0000,0.0000,0.0000,0.0000,-19.269,-11.310,7.836,1.909,3.666,1.000000,0.000000
717,742.00,2.000,-15.672,0.9138,0.4658,0.0000,0.0000,0.0000,0.0000,0.0000,0.0000,0.0000,0.0000,0.0000,0.0000,0.0000,0.0000,0.0000,0.0000,100.0000,0.0000,0.0000,0.0000,0.0000,-19.809,-11.632,8.056,1.962,3.771,1.000000,0.000000
718,741.50,2.000,-15.700,0.9385,0.4662,0.0000,0.0000,0.0000,0.0000,0.0000,0.0000,0.0000,0.0000,0.0000,0.0000,0.0000,0.0000,0.0000,0.0000,100.0000,0.0000,0.0000,0.0000,0.0000,-20.342,-11.949,8.272,2.013,3.875,1.000000,0.000000
719,741.00,2.000,-15.746,0.9668,0.4666,0.0000,0.0000,0.0000,0.0000,0.0000,0.0000,0.0000,0.0000,0.0000,0.0000,0.0000,0.0000,0.0000,0.0000,100.0000,0.0000,0.0000,0.0000,0.0000,-20.950,-12.311,8.519,2.072,3.993,1.000000,0.000000
720,740.50,2.000,-15.808,0.9983,0.4669,0.0000,0.0000,0.0000,0.0000,0.0000,0.0000,0.0000,0.0000,0.0000,0.0000,0.0000,0.0000,0.0000,0.0000,100.0000,0.0000,0.0000,0.0000,0.0000,-21.629,-12.714,8.795,2.138,4.124,1.000000,0.000000
721,740.00,2.000,-15.871,1.0290,0.4673,0.0000,0.0000,0.0000,0.0000,0.0000,0.0000,0.0000,0.0000,0.0000,0.0000,0.0000,0.0000,0.0000,0.0000,100.0000,0.0000,0.0000,0.0000,0.0000,-22.290,-13.107,9.063,2.202,4.253,1.000000,0.000000
722,739.50,2.000,-15.932,1.0589,0.4677,0.0000,0.0000,0.0000,0.0000,0.0000,0.0000,0.0000,0.0000,0.0000,0.0000,0.0000,0.0000,0.0000,0.0000,100.0000,0.0000,0.0000,0.0000,0.0000,-22.932,-13.490,9.324,2.264,4.378,1.000000,0.000000
723,739.00,2.000,-15.993,1.0881,0.4680,0.0000,0.0000,0.0000,0.0000,0.0000,0.0000,0.0000,0.0000,0.0000,0.0000,0.0000,0.0000,0.0000,0.0000,100.0000,0.0000,0.0000,0.0000,0.0000,-23.559,-13.864,9.579,2.325,4.500,1.000000,0.000000
724,738.50,2.000,-16.053,1.1165,0.4684,0.0000,0.0000,0.0000,0.0000,0.0000,0.0000,0.0000,0.0000,0.0000,0.0000,0.0000,0.0000,0.0000,0.0000,100.0000,0.0000,0.0000,0.0000,0.0000,-24.169,-14.228,9.827,2.383,4.619,1.000000,0.000000
725,738.00,2.000,-16.112,1.1442,0.4688,0.0000,0.0000,0.0000,0.0000,0.0000,0.0000,0.0000,0.0000,0.0000,0.0000,0.0000,0.0000,0.0000,0.0000,100.0000,0.0000,0.0000,0.0000,0.0000,-24.764,-14.584,10.068,2.441,4.735,1.000000,0.000000
726,737.50,2.000,-16.170,1.1712,0.4692,0.0000,0.0000,0.0000,0.0000,0.0000,0.0000,0.0000,0.0000,0.0000,0.0000,0.0000,0.0000,0.0000,0.0000,100.0000,0.0000,0.0000,0.0000,0.0000,-25.344,-14.931,10.304,2.496,4.848,1.000000,0.000000
727,737.00,2.000,-16.228,1.1977,0.4695,0.0000,0.0000,0.0000,0.0000,0.0000,0.0000,0.0000,0.0000,0.0000,0.0000,0.0000,0.0000,0.0000,0.0000,100.0000,0.0000,0.0000,0.0000,0.0000,-25.911,-15.270,10.534,2.551,4.959,1.000000,0.000000
728,736.50,2.000,-16.286,1.2235,0.4699,0.0000,0.0000,0.0000,0.0000,0.0000,0.0000,0.0000,0.0000,0.0000,0.0000,0.0000,0.0000,0.0000,0.0000,100.0000,0.0000,0.0000,0.0000,0.0000,-26.464,-15.602,10.758,2.604,5.068,1.000000,0.000000
729,736.00,2.000,-16.342,1.2487,0.4703,0.0000,0.0000,0.0000,0.0000,0.0000,0.0000,0.0000,0.0000,0.0000,0.0000,0.0000,0.0000,0.0000,0.0000,100.0000,0.0000,0.0000,0.0000,0.0000,-27.004,-15.926,10.978,2.655,5.174,1.000000,0.000000
730,735.50,2.000,-16.398,1.2734,0.4707,0.0000,0.0000,0.0000,0.0000,0.0000,0.0000,0.0000,0.0000,0.0000,0.0000,0.0000,0.0000,0.0000,0.0000,100.0000,0.0000,0.0000,0.0000,0.0000,-27.532,-16.243,11.192,2.706,5.278,1.000000,0.000000
731,735.00,2.000,-16.454,1.2975,0.4710,0.0000,0.0000,0.0000,0.0000,0.0000,0.0000,0.0000,0.0000,0.0000,0.0000,0.0000,0.0000,0.0000,0.0000,100.0000,0.0000,0.0000,0.0000,0.0000,-28.048,-16.554,11.401,2.755,5.380,1.000000,0.000000
732,734.50,2.000,-16.509,1.3211,0.4714,0.0000,0.0000,0.0000,0.0000,0.0000,0.0000,0.0000,0.0000,0.0000,0.0000,0.0000,0.0000,0.0000,0.0000,100.0000,0.0000,0.0000,0.0000,0.0000,-28.552,-16.858,11.606,2.802,5.480,1.000000,0.000000
733,734.00,2.000,-16.563,1.3442,0.4718,0.0000,0.0000,0.0000,0.0000,0.0000,0.0000,0.0000,0.0000,0.0000,0.0000,0.0000,0.0000,0.0000,0.0000,100.0000,0.0000,0.0000,0.0000,0.0000,-29.046,-17.155,11.806,2.849,5.577,1.000000,0.000000
734,733.50,2.000,-16.617,1.3668,0.4722,0.0000,0.0000,0.0000,0.0000,0.0000,0.0000,0.0000,0.0000,0.0000,0.0000,0.0000,0.0000,0.0000,0.0000,100.0000,0.0000,0.0000,0.0000,0.0000,-29.529,-17.447,12.002,2.895,5.673,1.000000,0.000000
735,733.00,2.000,-16.670,1.3890,0.4725,0.0000,0.0000,0.0000,0.0000,0.0000,0.0000,0.0000,0.0000,0.0000,0.0000,0.0000,0.0000,0.0000,0.0000,100.0000,0.0000,0.0000,0.0000,0.0000,-30.002,-17.733,12.194,2.940,5.767,1.000000,0.000000
736,732.50,2.000,-16.723,1.4108,0.4729,0.0000,0.0000,0.0000,0.0000,0.0000,0.0000,0.0000,0.0000,0.0000,0.0000,0.0000,0.0000,0.0000,0.0000,100.0000,0.0000,0.0000,0.0000,0.0000,-30.465,-18.013,12.382,2.983,5.859,1.000000,0.000000
737,732.00,2.000,-16.775,1.4321,0.4733,0.0000,0.0000,0.0000,0.0000,0.0000,0.0000,0.0000,0.0000,0.0000,0.0000,0.0000,0.0000,0.0000,0.0000,100.0000,0.0000,0.0000,0.0000,0.0000,-30.919,-18.289,12.566,3.026,5.950,1.000000,0.000000
738,731.50,2.000,-16.827,1.4530,0.4737,0.0000,0.0000,0.0000,0.0000,0.0000,0.0000,0.0000,0.0000,0.0000,0.0000,0.0000,0.0000,0.0000,0.0000,100.0000,0.0000,0.0000,0.0000,0.0000,-31.364,-18.558,12.746,3.068,6.039,1.000000,0.000000
739,731.00,2.000,-16.878,1.4735,0.4740,0.0000,0.0000,0.0000,0.0000,0.0000,0.0000,0.0000,0.0000,0.0000,0.0000,0.0000,0.0000,0.0000,0.0000,100.0000,0.0000,0.0000,0.0000,0.0000,-31.800,-18.823,12.923,3.108,6.126,1.000000,0.000000
740,730.50,2.000,-16.929,1.4936,0.4744,0.0000,0.0000,0.0000,0.0000,0.0000,0.0000,0.0000,0.0000,0.0000,0.0000,0.0000,0.0000,0.0000,0.0000,100.0000,0.0000,0.0000,0.0000,0.0000,-32.228,-19.084,13.097,3.148,6.212,1.000000,0.000000
741,730.00,2.000,-16.980,1.5133,0.4748,0.0000,0.0000,0.0000,0.0000,0.0000,0.0000,0.0000,0.0000,0.0000,0.0000,0.0000,0.0000,0.0000,0.0000,100.0000,0.0000,0.0000,0.0000,0.0000,-32.648,-19.339,13.267,3.187,6.296,1.000000,0.000000
742,729.50,2.000,-17.030,1.5327,0.4752,0.0000,0.0000,0.0000,0.0000,0.0000,0.0000,0.0000,0.0000,0.0000,0.0000,0.0000,0.0000,0.0000,0.0000,100.0000,0.0000,0.0000,0.0000,0.0000,-33.059,-19.590,13.434,3.226,6.379,1.000000,0.000000
743,729.00,2.000,-17.079,1.5518,0.4756,0.0000,0.0000,0.0000,0.0000,0.0000,0.0000,0.0000,0.0000,0.0000,0.0000,0.0000,0.0000,0.0000,0.0000,100.0000,0.0000,0.0000,0.0000,0.0000,-33.464,-19.837,13.597,3.263,6.460,1.000000,0.000000
744,728.50,2.000,-17.129,1.5705,0.4759,0.0000,0.0000,0.0000,0.0000,0.0000,0.0000,0.0000,0.0000,0.0000,0.0000,0.0000,0.0000,0.0000,0.0000,100.0000,0.0000,0.0000,0.0000,0.0000,-33.861,-20.080,13.758,3.300,6.540,1.000000,0.000000
745,728.00,2.000,-17.177,1.5889,0.4763,0.0000,0.0000,0.0000,0.0000,0.0000,0.0000,0.0000,0.0000,0.0000,0.0000,0.0000,0.0000,0.0000,0.0000,100.0000,0.0000,0.0000,0.0000,0.0000,-34.251,-20.318,13.916,3.336,6.619,1.000000,0.000000
746,727.50,2.000,-17.226,1.6070,0.4767,0.0000,0.0000,0.0000,0.0000,0.0000,0.0000,0.0000,0.0000,0.0000,0.0000,0.0000,0.0000,0.0000,0.0000,100.0000,0.0000,0.0000,0.0000,0.0000,-34.634,-20.553,14.071,3.371,6.696,1.000000,0.000000
747,727.00,2.000,-17.274,1.6248,0.4771,0.0000,0.0000,0.0000,0.0000,0.0000,0.0000,0.0000,0.0000,0.0000,0.0000,0.0000,0.0000,0.0000,0.0000,100.0000,0.0000,0.0000,0.0000,0.0000,-35.010,-20.784,14.224,3.406,6.773,1.000000,0.000000
748,726.50,2.000,-17.321,1.6424,0.4775,0.0000,0.0000,0.0000,0.0000,0.0000,0.0000,0.0000,0.0000,0.0000,0.0000,0.0000,0.0000,0.0000,0.0000,100.0000,0.0000,0.0000,0.0000,0.0000,-35.380,-21.012,14.374,3.440,6.848,1.000000,0.000000
749,726.00,2.000,-17.369,1.6596,0.4779,0.0000,0.0000,0.0000,0.0000,0.0000,0.0000,0.0000,0.0000,0.0000,0.0000,0.0000,0.0000,0.0000,0.0000,100.0000,0.0000,0.0000,0.0000,0.0000,-35.744,-21.236,14.521,3.473,6.922,1.000000,0.000000
750,725.50,2.000,-17.415,1.6766,0.4782,0.0000,0.0000,0.0000,0.0000,0.0000,0.0000,0.0000,0.0000,0.0000,0.0000,0.0000,0.0000,0.0000,0.0000,100.0000,0.0000,0.0000,0.0000,0.0000,-36.102,-21.456,14.666,3.506,6.995,1.000000,0.000000
751,725.00,2.000,-17.462,1.6933,0.4786,0.0000,0.0000,0.0000,0.0000,0.0000,0.0000,0.0000,0.0000,0.0000,0.0000,0.0000,0.0000,0.0000,0.0000,100.0000,0.0000,0.0000,0.0000,0.0000,-36.455,-21.673,14.809,3.538,7.067,1.000000,0.000000
752,724.50,2.000,-17.508,1.7097,0.4790,0.0000,0.0000,0.0000,0.0000,0.0000,0.0000,0.0000,0.0000,0.0000,0.0000,0.0000,0.0000,0.0000,0.0000,100.0000,0.0000,0.0000,0.0000,0.0000,-36.801,-21.888,14.949,3.569,7.138,1.000000,0.000000
753,724.00,2.000,-17.554,1.7259,0.4794,0.0000,0.0000,0.0000,0.0000,0.0000,0.0000,0.0000,0.0000,0.0000,0.0000,0.0000,0.0000,0.0000,0.0000,100.0000,0.0000,0.0000,0.0000,0.0000,-37.143,-22.099,15.087,3.600,7.208,1.000000,0.000000
754,723.50,2.000,-17.600,1.7419,0.4798,0.0000,0.0000,0.0000,0.0000,0.0000,0.0000,0.0000,0.0000,0.0000,0.0000,0.0000,0.0000,0.0000,0.0000,100.0000,0.0000,0.0000,0.0000,0.0000,-37.479,-22.307,15.223,3.631,7.277,1.000000,0.000000
755,723.00,2.000,-17.645,1.7576,0.4802,0.0000,0.0000,0.0000,0.0000,0.0000,0.0000,0.0000,0.0000,0.0000,0.0000,0.0000,0.0000,0.0000,0.0000,100.0000,0.0000,0.0000,0.0000,0.0000,-37.809,-22.512,15.357,3.660,7.345,1.000000,0.000000
756,722.50,2.000,-17.686,1.8348,0.4805,0.0000,0.0000,0.0000,0.0000,0.0000,0.0000,0.0000,0.0000,0.0000,0.0000,0.0000,0.0000,0.0000,0.0000,100.0000,0.0000,0.0000,0.0000,0.0000,-39.463,-23.505,16.028,3.818,7.670,1.000000,0.000000
757,722.00,2.000,-17.730,1.8512,0.4809,0.0000,0.0000,0.0000,0.0000,0.0000,0.0000,0.0000,0.0000,0.0000,0.0000,0.0000,0.0000,0.0000,0.0000,100.0000,0.0000,0.0000,0.0000,0.0000,-39.806,-23.718,16.166,3.849,7.741,1.000000,0.000000
758,721.50,2.000,-17.774,1.8673,0.4813,0.0000,0.0000,0.0000,0.0000,0.0000,0.0000,0.0000,0.0000,0.0000,0.0000,0.0000,0.0000,0.0000,0.0000,100.0000,0.0000,0.0000,0.0000,0.0000,-40.144,-23.928,16.303,3.879,7.811,1.000000,0.000000
759,721.00,2.000,-17.818,1.8831,0.4817,0.0000,0.0000,0.0000,0.0000,0.0000,0.0000,0.0000,0.0000,0.0000,0.0000,0.0000,0.0000,0.0000,0.0000,100.0000,0.0000,0.0000,0.0000,0.0000,-40.477,-24.135,16.438,3.909,7.880,1.000000,0.000000
760,720.50,2.000,-17.862,1.8988,0.4821,0.0000,0.0000,0.0000,0.0000,0.0000,0.0000,0.0000,0.0000,0.0000,0.0000,0.0000,0.0000,0.0000,0.0000,100.0000,0.0000,0.0000,0.0000,0.0000,-40.805,-24.340,16.570,3.939,7.948,1.000000,0.000000
761,720.00,2.000,-17.905,1.9143,0.4825,0.0000,0.0000,0.0000,0.0000,0.0000,0.0000,0.0000,0.0000,0.0000,0.0000,0.0000,0.0000,0.0000,0.0000,100.0000,0.0000,0.0000,0.0000,0.0000,-41.129,-24.542,16.701,3.967,8.015,1.000000,0.000000
762,719.50,2.000,-17.949,1.9295,0.4829,0.0000,0.0000,0.0000,0.0000,0.0000,0.0000,0.0000,0.0000,0.0000,0.0000,0.0000,0.0000,0.0000,0.0000,100.0000,0.0000,0.0000,0.0000,0.0000,-41.449,-24.742,16.830,3.996,8.081,1.000000,0.000000
763,719.00,2.000,-17.991,1.9446,0.4833,0.0000,0.0000,0.0000,0.0000,0.0000,0.0000,0.0000,0.0000,0.0000,0.0000,0.0000,0.0000,0.0000,0.0000,100.0000,0.0000,0.0000,0.0000,0.0000,-41.764,-24.939,16.958,4.024,8.147,1.000000,0.000000
764,718.50,2.000,-18.034,1.9595,0.4837,0.0000,0.0000,0.0000,0.0000,0.0000,0.0000,0.0000,0.0000,0.0000,0.0000,0.0000,0.0000,0.0000,0.0000,100.0000,0.0000,0.0000,0.0000,0.0000,-42.075,-25.134,17.083,4.051,8.212,1.000000,0.000000
765,718.00,2.000,-18.076,1.9742,0.4840,0.0000,0.0000,0.0000,0.0000,0.0000,0.0000,0.0000,0.0000,0.0000,0.0000,0.0000,0.0000,0.0000,0.0000,100.0000,0.0000,0.0000,0.0000,0.0000,-42.381,-25.327,17.207,4.078,8.276,1.000000,0.000000
766,717.50,2.000,-18.118,1.9887,0.4844,0.0000,0.0000,0.0000,0.0000,0.0000,0.0000,0.0000,0.0000,0.0000,0.0000,0.0000,0.0000,0.0000,0.0000,100.0000,0.0000,0.0000,0.0000,0.0000,-42.684,-25.517,17.329,4.105,8.339,1.000000,0.000000
767,717.00,2.000,-18.160,2.0030,0.4848,0.0000,0.0000,0.0000,0.0000,0.0000,0.0000,0.0000,0.0000,0.0000,0.0000,0.0000,0.0000,0.0000,0.0000,100.0000,0.0000,0.0000,0.0000,0.0000,-42.983,-25.705,17.450,4.131,8.402,1.000000,0.000000
768,716.50,2.000,-18.202,2.0172,0.4852,0.0000,0.0000,0.0000,0.0000,0.0000,0.0000,0.0000,0.0000,0.0000,0.0000,0.0000,0.0000,0.0000,0.0000,100.0000,0.0000,0.0000,0.0000,0.0000,-43.279,-25.891,17.569,4.157,8.464,1.000000,0.000000
769,716.00,2.000,-18.243,2.0312,0.4856,0.0000,0.0000,0.0000,0.0000,0.0000,0.0000,0.0000,0.0000,0.0000,0.0000,0.0000,0.0000,0.0000,0.0000,100.0000,0.0000,0.0000,0.0000,0.0000,-43.570,-26.075,17.687,4.183,8.526,1.000000,0.000000
770,715.50,2.000,-18.284,2.0450,0.4860,0.0000,0.0000,0.0000,0.0000,0.0000,0.0000,0.0000,0.0000,0.0000,0.0000,0.0000,0.0000,0.0000,0.0000,100.0000,0.0000,0.0000,0.0000,0.0000,-43.859,-26.257,17.803,4.208,8.586,1.000000,0.000000
771,715.00,2.000,-18.325,2.0587,0.4864,0.0000,0.0000,0.0000,0.0000,0.0000,0.0000,0.0000,0.0000,0.0000,0.0000,0.0000,0.0000,0.0000,0.0000,100.0000,0.0000,0.0000,0.0000,0.0000,-44.143,-26.438,17.918,4.233,8.646,1.000000,0.000000
772,714.50,2.000,-18.365,2.0723,0.4868,0.0000,0.0000,0.0000,0.0000,0.0000,0.0000,0.0000,0.0000,0.0000,0.0000,0.0000,0.0000,0.0000,0.0000,100.0000,0.0000,0.0000,0.0000,0.0000,-44.425,-26.616,18.031,4.257,8.706,1.000000,0.000000
773,714.00,2.000,-18.406,2.0857,0.4872,0.0000,0.0000,0.0000,0.0000,0.0000,0.0000,0.0000,0.0000,0.0000,0.0000,0.0000,0.0000,0.0000,0.0000,100.0000,0.0000,0.0000,0.0000,0.0000,-44.703,-26.792,18.144,4.281,8.765,1.000000,0.000000
774,713.50,2.000,-18.446,2.0989,0.4876,0.0000,0.0000,0.0000,0.0000,0.0000,0.0000,0.0000,0.0000,0.0000,0.0000,0.0000,0.0000,0.0000,0.0000,100.0000,0.0000,0.0000,0.0000,0.0000,-44.978,-26.967,18.254,4.305,8.823,1.000000,0.000000
775,713.00,2.000,-18.486,2.1120,0.4880,0.0000,0.0000,0.0000,0.0000,0.0000,0.0000,0.0000,0.0000,0.0000,0.0000,0.0000,0.0000,0.0000,0.0000,100.0000,0.0000,0.0000,0.0000,0.0000,-45.250,-27.140,18.364,4.328,8.881,1.000000,0.000000
776,712.50,2.000,-18.525,2.1250,0.4884,0.0000,0.0000,0.0000,0.0000,0.0000,0.0000,0.0000,0.0000,0.0000,0.0000,0.0000,0.0000,0.0000,0.0000,100.0000,0.0000,0.0000,0.0000,0.0000,-45.519,-27.311,18.472,4.351,8.939,1.000000,0.000000
777,712.00,2.000,-18.565,2.1379,0.4888,0.0000,0.0000,0.0000,0.0000,0.0000,0.0000,0.0000,0.0000,0.0000,0.0000,0.0000,0.0000,0.0000,0.0000,100.0000,0.0000,0.0000,0.0000,0.0000,-45.785,-27.481,18.580,4.374,8.995,1.000000,0.000000
778,711.50,2.000,-18.604,2.1506,0.4892,0.0000,0.0000,0.0000,0.0000,0.0000,0.0000,0.0000,0.0000,0.0000,0.0000,0.0000,0.0000,0.0000,0.0000,100.0000,0.0000,0.0000,0.0000,0.0000,-46.048,-27.649,18.686,4.396,9.052,1.000000,0.000000
779,711.00,2.000,-18.643,2.1632,0.4896,0.0000,0.0000,0.0000,0.0000,0.0000,0.0000,0.0000,0.0000,0.0000,0.0000,0.0000,0.0000,0.0000,0.0000,100.0000,0.0000,0.0000,0.0000,0.0000,-46.309,-27.816,18.791,4.419,9.108,1.000000,0.000000
780,710.50,2.000,-18.682,2.1757,0.4900,0.0000,0.0000,0.0000,0.0000,0.0000,0.0000,0.0000,0.0000,0.0000,0.0000,0.0000,0.0000,0.0000,0.0000,100.0000,0.0000,0.0000,0.0000,0.0000,-46.567,-27.981,18.895,4.440,9.163,1.000000,0.000000
781,710.00,2.000,-18.721,2.1881,0.4904,0.0000,0.0000,0.0000,0.0000,0.0000,0.0000,0.0000,0.0000,0.0000,0.0000,0.0000,0.0000,0.0000,0.0000,100.0000,0.0000,0.0000,0.0000,0.0000,-46.823,-28.145,18.997,4.462,9.218,1.000000,0.000000
782,709.50,2.000,-18.759,2.2004,0.4908,0.0000,0.0000,0.0000,0.0000,0.0000,0.0000,0.0000,0.0000,0.0000,0.0000,0.0000,0.0000,0.0000,0.0000,100.0000,0.0000,0.0000,0.0000,0.0000,-47.076,-28.308,19.099,4.484,9.272,1.000000,0.000000
783,709.00,2.000,-18.798,2.2126,0.4912,0.0000,0.0000,0.0000,0.0000,0.0000,0.0000,0.0000,0.0000,0.0000,0.0000,0.0000,0.0000,0.0000,0.0000,100.0000,0.0000,0.0000,0.0000,0.0000,-47.327,-28.469,19.200,4.505,9.326,1.000000,0.000000
784,708.50,2.000,-18.836,2.2247,0.4916,0.0000,0.0000,0.0000,0.0000,0.0000,0.0000,0.0000,0.0000,0.0000,0.0000,0.0000,0.0000,0.0000,0.0000,100.0000,0.0000,0.0000,0.0000,0.0000,-47.575,-28.629,19.300,4.526,9.380,1.000000,0.000000
785,708.00,2.000,-18.874,2.2366,0.4920,0.0000,0.0000,0.0000,0.0000,0.0000,0.0000,0.0000,0.0000,0.0000,0.0000,0.0000,0.0000,0.0000,0.0000,100.0000,0.0000,0.0000,0.0000,0.0000,-47.822,-28.788,19.400,4.546,9.433,1.000000,0.000000
786,707.50,2.000,-18.912,2.2485,0.4924,0.0000,0.0000,0.0000,0.0000,0.0000,0.0000,0.0000,0.0000,0.0000,0.0000,0.0000,0.0000,0.0000,0.0000,100.0000,0.0000,0.0000,0.0000,0.0000,-48.067,-28.946,19.498,4.567,9.486,1.000000,0.000000
787,707.00,2.000,-18.948,2.2761,0.4928,0.0000,0.0000,0.0000,0.0000,0.0000,0.0000,0.0000,0.0000,0.0000,0.0000,0.0000,0.0000,0.0000,0.0000,100.0000,0.0000,0.0000,0.0000,0.0000,-48.645,-29.305,19.732,4.619,9.605,1.000000,0.000000
788,706.50,2.000,-18.970,2.4220,0.4932,0.0000,0.0000,0.0000,0.0000,0.0000,0.0000,0.0000,0.0000,0.0000,0.0000,0.0000,0.0000,0.0000,0.0000,100.0000,0.0000,0.0000,0.0000,0.0000,-51.754,-31.189,20.992,4.911,10.224,1.000000,0.000000
789,706.00,2.000,-18.991,2.5428,0.4936,0.0000,0.0000,0.0000,0.0000,0.0000,0.0000,0.0000,0.0000,0.0000,0.0000,0.0000,0.0000,0.0000,0.0000,100.0000,0.0000,0.0000,0.0000,0.0000,-54.324,-32.750,22.033,5.152,10.737,1.000000,0.000000
790,705.50,2.000,-19.013,2.6441,0.4940,0.0000,0.0000,0.0000,0.0000,0.0000,0.0000,0.0000,0.0000,0.0000,0.0000,0.0000,0.0000,0.0000,0.0000,100.0000,0.0000,0.0000,0.0000,0.0000,-56.477,-34.061,22.905,5.353,11.169,1.000000,0.000000
791,705.00,2.000,-19.035,2.7301,0.4944,0.0000,0.0000,0.0000,0.0000,0.0000,0.0000,0.0000,0.0000,0.0000,0.0000,0.0000,0.0000,0.0000,0.0000,100.0000,0.0000,0.0000,0.0000,0.0000,-58.303,-35.175,23.645,5.522,11.535,1.000000,0.000000
792,704.50,2.000,-19.057,2.8039,0.4948,0.0000,0.0000,0.0000,0.0000,0.0000,0.0000,0.0000,0.0000,0.0000,0.0000,0.0000,0.0000,0.0000,0.0000,100.0000,0.0000,0.0000,0.0000,0.0000,-59.867,-36.132,24.278,5.667,11.851,1.000000,0.000000
793,704.00,2.000,-19.079,2.8679,0.4952,0.0000,0.0000,0.0000,0.0000,0.0000,0.0000,0.0000,0.0000,0.0000,0.0000,0.0000,0.0000,0.0000,0.0000,100.0000,0.0000,0.0000,0.0000,0.0000,-61.219,-36.961,24.825,5.791,12.124,