Index,T (C),P (kbars),log(10) f O2,mass (gm),rho (gm/cc),wt% SiO2,wt% TiO2,wt% Al2O3,wt% Fe2O3,wt% Cr2O3,wt% FeO,wt% MnO,wt% MgO,wt% NiO,wt% CoO,wt% CaO,wt% Na2O,wt% K2O,wt% P2O5,wt% H2O,wt% CO2,wt% SO3,wt% Cl2O-1,wt% F2O-1,G (kJ),H (kJ),S (J/K),V (cc),Cp (J/K)
716,742.50,2.000,-15.643,0.1623,2.5415,100.0000,0.0000,0.0000,0.0000,0.0000,0.0000,0.0000,0.0000,0.0000,0.0000,0.0000,0.0000,0.0000,0.0000,0.0000,0.0000,0.0000,0.0000,0.0000,-2.647,-2.325,0.317,0.064,0.188
717,742.00,2.000,-15.672,0.3666,2.5415,100.0000,0.0000,0.0000,0.0000,0.0000,0.0000,0.0000,0.0000,0.0000,0.0000,0.0000,0.0000,0.0000,0.0000,0.0000,0.0000,0.0000,0.0000,0.0000,-5.978,-5.252,0.716,0.144,0.424
718,741.50,2.000,-15.700,0.5676,2.5415,100.0000,0.0000,0.0000,0.0000,0.0000,0.0000,0.0000,0.0000,0.0000,0.0000,0.0000,0.0000,0.0000,0.0000,0.0000,0.0000,0.0000,0.0000,0.0000,-9.255,-8.131,1.108,0.223,0.656
719,741.00,2.000,-15.746,0.8377,2.5415,100.0000,0.0000,0.0000,0.0000,0.0000,0.0000,0.0000,0.0000,0.0000,0.0000,0.0000,0.0000,0.0000,0.0000,0.0000,0.0000,0.0000,0.0000,0.0000,-13.659,-12.002,1.634,0.330,0.969
720,740.50,2.000,-15.808,1.1729,2.5415,100.0000,0.0000,0.0000,0.0000,0.0000,0.0000,0.0000,0.0000,0.0000,0.0000,0.0000,0.0000,0.0000,0.0000,0.0000,0.0000,0.0000,0.0000,0.0000,-19.122,-16.803,2.287,0.461,1.356
721,740.00,2.000,-15.871,1.4986,2.5415,100.0000,0.0000,0.0000,0.0000,0.0000,0.0000,0.0000,0.0000,0.0000,0.0000,0.0000,0.0000,0.0000,0.0000,0.0000,0.0000,0.0000,0.0000,0.0000,-24.431,-21.471,2.922,0.590,1.733
722,739.50,2.000,-15.932,1.8153,2.5415,100.0000,0.0000,0.0000,0.0000,0.0000,0.0000,0.0000,0.0000,0.0000,0.0000,0.0000,0.0000,0.0000,0.0000,0.0000,0.0000,0.0000,0.0000,0.0000,-29.593,-26.010,3.538,0.714,2.099
723,739.00,2.000,-15.993,2.1236,2.5415,100.0000,0.0000,0.0000,0.0000,0.0000,0.0000,0.0000,0.0000,0.0000,0.0000,0.0000,0.0000,0.0000,0.0000,0.0000,0.0000,0.0000,0.0000,0.0000,-34.615,-30.427,4.138,0.836,2.455
724,738.50,2.000,-16.053,2.4236,2.5415,100.0000,0.0000,0.0000,0.0000,0.0000,0.0000,0.0000,0.0000,0.0000,0.0000,0.0000,0.0000,0.0000,0.0000,0.0000,0.0000,0.0000,0.0000,0.0000,-39.504,-34.728,4.721,0.954,2.802
725,738.00,2.000,-16.112,2.7159,2.5415,100.0000,0.0000,0.0000,0.0000,0.0000,0.0000,0.0000,0.0000,0.0000,0.0000,0.0000,0.0000,0.0000,0.0000,0.0000,0.0000,0.0000,0.0000,0.0000,-44.265,-38.917,5.289,1.069,3.140
726,737.50,2.000,-16.170,3.0007,2.5415,100.0000,0.0000,0.0000,0.0000,0.0000,0.0000,0.0000,0.0000,0.0000,0.0000,0.0000,0.0000,0.0000,0.0000,0.0000,0.0000,0.0000,0.0000,0.0000,-48.904,-43.000,5.842,1.181,3.469
727,737.00,2.000,-16.228,3.2783,2.5415,100.0000,0.0000,0.0000,0.0000,0.0000,0.0000,0.0000,0.0000,0.0000,0.0000,0.0000,0.0000,0.0000,0.0000,0.0000,0.0000,0.0000,0.0000,0.0000,-53.426,-46.981,6.380,1.290,3.789
728,736.50,2.000,-16.286,3.5492,2.5415,100.0000,0.0000,0.0000,0.0000,0.0000,0.0000,0.0000,0.0000,0.0000,0.0000,0.0000,0.0000,0.0000,0.0000,0.0000,0.0000,0.0000,0.0000,0.0000,-57.837,-50.864,6.906,1.396,4.102
729,736.00,2.000,-16.342,3.8135,2.5415,100.0000,0.0000,0.0000,0.0000,0.0000,0.0000,0.0000,0.0000,0.0000,0.0000,0.0000,0.0000,0.0000,0.0000,0.0000,0.0000,0.0000,0.0000,0.0000,-62.140,-54.654,7.418,1.500,4.407
730,735.50,2.000,-16.398,4.0715,2.5415,100.0000,0.0000,0.0000,0.0000,0.0000,0.0000,0.0000,0.0000,0.0000,0.0000,0.0000,0.0000,0.0000,0.0000,0.0000,0.0000,0.0000,0.0000,0.0000,-66.340,-58.355,7.917,1.602,4.705
731,735.00,2.000,-16.454,4.3235,2.5415,100.0000,0.0000,0.0000,0.0000,0.0000,0.0000,0.0000,0.0000,0.0000,0.0000,0.0000,0.0000,0.0000,0.0000,0.0000,0.0000,0.0000,0.0000,0.0000,-70.443,-61.969,8.405,1.701,4.996
732,734.50,2.000,-16.509,4.5698,2.5415,100.0000,0.0000,0.0000,0.0000,0.0000,0.0000,0.0000,0.0000,0.0000,0.0000,0.0000,0.0000,0.0000,0.0000,0.0000,0.0000,0.0000,0.0000,0.0000,-74.450,-65.502,8.881,1.798,5.280
733,734.00,2.000,-16.563,4.8105,2.5415,100.0000,0.0000,0.0000,0.0000,0.0000,0.0000,0.0000,0.0000,0.0000,0.0000,0.0000,0.0000,0.0000,0.0000,0.0000,0.0000,0.0000,0.0000,0.0000,-78.368,-68.955,9.346,1.893,5.558
734,733.50,2.000,-16.617,5.0459,2.5415,100.0000,0.0000,0.0000,0.0000,0.0000,0.0000,0.0000,0.0000,0.0000,0.0000,0.0000,0.0000,0.0000,0.0000,0.0000,0.0000,0.0000,0.0000,0.0000,-82.198,-72.332,9.800,1.985,5.830
735,733.00,2.000,-16.670,5.2762,2.5415,100.0000,0.0000,0.0000,0.0000,0.0000,0.0000,0.0000,0.0000,0.0000,0.0000,0.0000,0.0000,0.0000,0.0000,0.0000,0.0000,0.0000,0.0000,0.0000,-85.945,-75.637,10.245,2.076,6.095
736,732.50,2.000,-16.723,5.5017,2.5415,100.0000,0.0000,0.0000,0.0000,0.0000,0.0000,0.0000,0.0000,0.0000,0.0000,0.0000,0.0000,0.0000,0.0000,0.0000,0.0000,0.0000,0.0000,0.0000,-89.612,-78.872,10.679,2.165,6.355
737,732.00,2.000,-16.775,5.7224,2.5415,100.0000,0.0000,0.0000,0.0000,0.0000,0.0000,0.0000,0.0000,0.0000,0.0000,0.0000,0.0000,0.0000,0.0000,0.0000,0.0000,0.0000,0.0000,0.0000,-93.201,-82.039,11.104,2.252,6.610
738,731.50,2.000,-16.827,5.9386,2.5415,100.0000,0.0000,0.0000,0.0000,0.0000,0.0000,0.0000,0.0000,0.0000,0.0000,0.0000,0.0000,0.0000,0.0000,0.0000,0.0000,0.0000,0.0000,0.0000,-96.717,-85.142,11.521,2.337,6.859
739,731.00,2.000,-16.878,6.1504,2.5415,100.0000,0.0000,0.0000,0.0000,0.0000,0.0000,0.0000,0.0000,0.0000,0.0000,0.0000,0.0000,0.0000,0.0000,0.0000,0.0000,0.0000,0.0000,0.0000,-100.161,-88.183,11.928,2.420,7.103
740,730.50,2.000,-16.929,6.3581,2.5415,100.0000,0.0000,0.0000,0.0000,0.0000,0.0000,0.0000,0.0000,0.0000,0.0000,0.0000,0.0000,0.0000,0.0000,0.0000,0.0000,0.0000,0.0000,0.0000,-103.536,-91.164,12.327,2.502,7.343
741,730.00,2.000,-16.980,6.5617,2.5415,100.0000,0.0000,0.0000,0.0000,0.0000,0.0000,0.0000,0.0000,0.0000,0.0000,0.0000,0.0000,0.0000,0.0000,0.0000,0.0000,0.0000,0.0000,0.0000,-106.846,-94.088,12.718,2.582,7.577
742,729.50,2.000,-17.030,6.7615,2.5415,100.0000,0.0000,0.0000,0.0000,0.0000,0.0000,0.0000,0.0000,0.0000,0.0000,0.0000,0.0000,0.0000,0.0000,0.0000,0.0000,0.0000,0.0000,0.0000,-110.092,-96.956,13.101,2.660,7.808
743,729.00,2.000,-17.079,6.9575,2.5415,100.0000,0.0000,0.0000,0.0000,0.0000,0.0000,0.0000,0.0000,0.0000,0.0000,0.0000,0.0000,0.0000,0.0000,0.0000,0.0000,0.0000,0.0000,0.0000,-113.277,-99.771,13.477,2.738,8.033
744,728.50,2.000,-17.129,7.1499,2.5415,100.0000,0.0000,0.0000,0.0000,0.0000,0.0000,0.0000,0.0000,0.0000,0.0000,0.0000,0.0000,0.0000,0.0000,0.0000,0.0000,0.0000,0.0000,0.0000,-116.403,-102.534,13.846,2.813,8.255
745,728.00,2.000,-17.177,7.3389,2.5415,100.0000,0.0000,0.0000,0.0000,0.0000,0.0000,0.0000,0.0000,0.0000,0.0000,0.0000,0.0000,0.0000,0.0000,0.0000,0.0000,0.0000,0.0000,0.0000,-119.472,-105.248,14.208,2.888,8.473
746,727.50,2.000,-17.226,7.5245,2.5415,100.0000,0.0000,0.0000,0.0000,0.0000,0.0000,0.0000,0.0000,0.0000,0.0000,0.0000,0.0000,0.0000,0.0000,0.0000,0.0000,0.0000,0.0000,0.0000,-122.487,-107.915,14.563,2.961,8.686
747,727.00,2.000,-17.274,7.7069,2.5415,100.0000,0.0000,0.0000,0.0000,0.0000,0.0000,0.0000,0.0000,0.0000,0.0000,0.0000,0.0000,0.0000,0.0000,0.0000,0.0000,0.0000,0.0000,0.0000,-125.448,-110.535,14.911,3.032,8.896
748,726.50,2.000,-17.321,7.8862,2.5415,100.0000,0.0000,0.0000,0.0000,0.0000,0.0000,0.0000,0.0000,0.0000,0.0000,0.0000,0.0000,0.0000,0.0000,0.0000,0.0000,0.0000,0.0000,0.0000,-128.359,-113.111,15.253,3.103,9.103
749,726.00,2.000,-17.369,8.0625,2.5415,100.0000,0.0000,0.0000,0.0000,0.0000,0.0000,0.0000,0.0000,0.0000,0.0000,0.0000,0.0000,0.0000,0.0000,0.0000,0.0000,0.0000,0.0000,0.0000,-131.222,-115.645,15.590,3.172,9.306
750,725.50,2.000,-17.415,8.2360,2.5415,100.0000,0.0000,0.0000,0.0000,0.0000,0.0000,0.0000,0.0000,0.0000,0.0000,0.0000,0.0000,0.0000,0.0000,0.0000,0.0000,0.0000,0.0000,0.0000,-134.037,-118.138,15.920,3.241,9.505
751,725.00,2.000,-17.462,8.4067,2.5415,100.0000,0.0000,0.0000,0.0000,0.0000,0.0000,0.0000,0.0000,0.0000,0.0000,0.0000,0.0000,0.0000,0.0000,0.0000,0.0000,0.0000,0.0000,0.0000,-136.806,-120.591,16.246,3.308,9.701
752,724.50,2.000,-17.508,8.5747,2.5415,100.0000,0.0000,0.0000,0.0000,0.0000,0.0000,0.0000,0.0000,0.0000,0.0000,0.0000,0.0000,0.0000,0.0000,0.0000,0.0000,0.0000,0.0000,0.0000,-139.532,-123.005,16.565,3.374,9.895
753,724.00,2.000,-17.554,8.7401,2.5415,100.0000,0.0000,0.0000,0.0000,0.0000,0.0000,0.0000,0.0000,0.0000,0.0000,0.0000,0.0000,0.0000,0.0000,0.0000,0.0000,0.0000,0.0000,0.0000,-142.215,-125.383,16.880,3.439,10.085
754,723.50,2.000,-17.600,8.9030,2.5415,100.0000,0.0000,0.0000,0.0000,0.0000,0.0000,0.0000,0.0000,0.0000,0.0000,0.0000,0.0000,0.0000,0.0000,0.0000,0.0000,0.0000,0.0000,0.0000,-144.858,-127.726,17.189,3.503,10.272
755,723.00,2.000,-17.645,9.0636,2.5415,100.0000,0.0000,0.0000,0.0000,0.0000,0.0000,0.0000,0.0000,0.0000,0.0000,0.0000,0.0000,0.0000,0.0000,0.0000,0.0000,0.0000,0.0000,0.0000,-147.461,-130.035,17.494,3.566,10.457
756,722.50,2.000,-17.686,9.8908,2.5415,100.0000,0.0000,0.0000,0.0000,0.0000,0.0000,0.0000,0.0000,0.0000,0.0000,0.0000,0.0000,0.0000,0.0000,0.0000,0.0000,0.0000,0.0000,0.0000,-160.911,-141.909,19.085,3.892,11.410
757,722.00,2.000,-17.730,10.0545,2.5415,100.0000,0.0000,0.0000,0.0000,0.0000,0.0000,0.0000,0.0000,0.0000,0.0000,0.0000,0.0000,0.0000,0.0000,0.0000,0.0000,0.0000,0.0000,0.0000,-163.564,-144.263,19.395,3.956,11.598
758,721.50,2.000,-17.774,10.2160,2.5415,100.0000,0.0000,0.0000,0.0000,0.0000,0.0000,0.0000,0.0000,0.0000,0.0000,0.0000,0.0000,0.0000,0.0000,0.0000,0.0000,0.0000,0.0000,0.0000,-166.182,-146.586,19.701,4.020,11.784
759,721.00,2.000,-17.818,10.3754,2.5415,100.0000,0.0000,0.0000,0.0000,0.0000,0.0000,0.0000,0.0000,0.0000,0.0000,0.0000,0.0000,0.0000,0.0000,0.0000,0.0000,0.0000,0.0000,0.0000,-168.765,-148.880,20.002,4.082,11.967
760,720.50,2.000,-17.862,10.5328,2.5415,100.0000,0.0000,0.0000,0.0000,0.0000,0.0000,0.0000,0.0000,0.0000,0.0000,0.0000,0.0000,0.0000,0.0000,0.0000,0.0000,0.0000,0.0000,0.0000,-171.314,-151.144,20.299,4.144,12.148
761,720.00,2.000,-17.905,10.6882,2.5415,100.0000,0.0000,0.0000,0.0000,0.0000,0.0000,0.0000,0.0000,0.0000,0.0000,0.0000,0.0000,0.0000,0.0000,0.0000,0.0000,0.0000,0.0000,0.0000,-173.832,-153.380,20.593,4.205,12.326
762,719.50,2.000,-17.949,10.8417,2.5415,100.0000,0.0000,0.0000,0.0000,0.0000,0.0000,0.0000,0.0000,0.0000,0.0000,0.0000,0.0000,0.0000,0.0000,0.0000,0.0000,0.0000,0.0000,0.0000,-176.318,-155.589,20.882,4.266,12.502
763,719.00,2.000,-17.991,10.9934,2.5415,100.0000,0.0000,0.0000,0.0000,0.0000,0.0000,0.0000,0.0000,0.0000,0.0000,0.0000,0.0000,0.0000,0.0000,0.0000,0.0000,0.0000,0.0000,0.0000,-178.775,-157.773,21.168,4.326,12.676
764,718.50,2.000,-18.034,11.1434,2.5415,100.0000,0.0000,0.0000,0.0000,0.0000,0.0000,0.0000,0.0000,0.0000,0.0000,0.0000,0.0000,0.0000,0.0000,0.0000,0.0000,0.0000,0.0000,0.0000,-181.203,-159.932,21.450,4.385,12.848
765,718.00,2.000,-18.076,11.2917,2.5415,100.0000,0.0000,0.0000,0.0000,0.0000,0.0000,0.0000,0.0000,0.0000,0.0000,0.0000,0.0000,0.0000,0.0000,0.0000,0.0000,0.0000,0.0000,0.0000,-183.604,-162.067,21.729,4.443,13.018
766,717.50,2.000,-18.118,11.4384,2.5415,100.0000,0.0000,0.0000,0.0000,0.0000,0.0000,0.0000,0.0000,0.0000,0.0000,0.0000,0.0000,0.0000,0.0000,0.0000,0.0000,0.0000,0.0000,0.0000,-185.978,-164.179,22.005,4.501,13.187
767,717.00,2.000,-18.160,11.5836,2.5415,100.0000,0.0000,0.0000,0.0000,0.0000,0.0000,0.0000,0.0000,0.0000,0.0000,0.0000,0.0000,0.0000,0.0000,0.0000,0.0000,0.0000,0.0000,0.0000,-188.327,-166.270,22.277,4.558,13.353
768,716.50,2.000,-18.202,11.7273,2.5415,100.0000,0.0000,0.0000,0.0000,0.0000,0.0000,0.0000,0.0000,0.0000,0.0000,0.0000,0.0000,0.0000,0.0000,0.0000,0.0000,0.0000,0.0000,0.0000,-190.652,-168.339,22.547,4.614,13.518
769,716.00,2.000,-18.243,11.8696,2.5415,100.0000,0.0000,0.0000,0.0000,0.0000,0.0000,0.0000,0.0000,0.0000,0.0000,0.0000,0.0000,0.0000,0.0000,0.0000,0.0000,0.0000,0.0000,0.0000,-192.954,-170.388,22.814,4.670,13.681
770,715.50,2.000,-18.284,12.0105,2.5415,100.0000,0.0000,0.0000,0.0000,0.0000,0.0000,0.0000,0.0000,0.0000,0.0000,0.0000,0.0000,0.0000,0.0000,0.0000,0.0000,0.0000,0.0000,0.0000,-195.234,-172.419,23.077,4.726,13.842
771,715.00,2.000,-18.325,12.1502,2.5415,100.0000,0.0000,0.0000,0.0000,0.0000,0.0000,0.0000,0.0000,0.0000,0.0000,0.0000,0.0000,0.0000,0.0000,0.0000,0.0000,0.0000,0.0000,0.0000,-197.493,-174.431,23.339,4.781,14.002
772,714.50,2.000,-18.365,12.2887,2.5415,100.0000,0.0000,0.0000,0.0000,0.0000,0.0000,0.0000,0.0000,0.0000,0.0000,0.0000,0.0000,0.0000,0.0000,0.0000,0.0000,0.0000,0.0000,0.0000,-199.732,-176.426,23.598,4.835,14.161
773,714.00,2.000,-18.406,12.4260,2.5415,100.0000,0.0000,0.0000,0.0000,0.0000,0.0000,0.0000,0.0000,0.0000,0.0000,0.0000,0.0000,0.0000,0.0000,0.0000,0.0000,0.0000,0.0000,0.0000,-201.952,-178.404,23.854,4.889,14.318
774,713.50,2.000,-18.446,12.5622,2.5415,100.0000,0.0000,0.0000,0.0000,0.0000,0.0000,0.0000,0.0000,0.0000,0.0000,0.0000,0.0000,0.0000,0.0000,0.0000,0.0000,0.0000,0.0000,0.0000,-204.154,-180.368,24.108,4.943,14.474
775,713.00,2.000,-18.486,12.6975,2.5415,100.0000,0.0000,0.0000,0.0000,0.0000,0.0000,0.0000,0.0000,0.0000,0.0000,0.0000,0.0000,0.0000,0.0000,0.0000,0.0000,0.0000,0.0000,0.0000,-206.339,-182.316,24.360,4.996,14.629
776,712.50,2.000,-18.525,12.8317,2.5415,100.0000,0.0000,0.0000,0.0000,0.0000,0.0000,0.0000,0.0000,0.0000,0.0000,0.0000,0.0000,0.0000,0.0000,0.0000,0.0000,0.0000,0.0000,0.0000,-208.509,-184.252,24.610,5.049,14.782
777,712.00,2.000,-18.565,12.9651,2.5415,100.0000,0.0000,0.0000,0.0000,0.0000,0.0000,0.0000,0.0000,0.0000,0.0000,0.0000,0.0000,0.0000,0.0000,0.0000,0.0000,0.0000,0.0000,0.0000,-210.664,-186.174,24.859,5.101,14.935
778,711.50,2.000,-18.604,13.0977,2.5415,100.0000,0.0000,0.0000,0.0000,0.0000,0.0000,0.0000,0.0000,0.0000,0.0000,0.0000,0.0000,0.0000,0.0000,0.0000,0.0000,0.0000,0.0000,0.0000,-212.805,-188.085,25.105,5.154,15.087
779,711.00,2.000,-18.643,13.2295,2.5415,100.0000,0.0000,0.0000,0.0000,0.0000,0.0000,0.0000,0.0000,0.0000,0.0000,0.0000,0.0000,0.0000,0.0000,0.0000,0.0000,0.0000,0.0000,0.0000,-214.934,-189.986,25.350,5.205,15.237
780,710.50,2.000,-18.682,13.3606,2.5415,100.0000,0.0000,0.0000,0.0000,0.0000,0.0000,0.0000,0.0000,0.0000,0.0000,0.0000,0.0000,0.0000,0.0000,0.0000,0.0000,0.0000,0.0000,0.0000,-217.052,-191.877,25.593,5.257,15.387
781,710.00,2.000,-18.721,13.4911,2.5415,100.0000,0.0000,0.0000,0.0000,0.0000,0.0000,0.0000,0.0000,0.0000,0.0000,0.0000,0.0000,0.0000,0.0000,0.0000,0.0000,0.0000,0.0000,0.0000,-219.159,-193.759,25.836,5.308,15.537
782,709.50,2.000,-18.759,13.6211,2.5415,100.0000,0.0000,0.0000,0.0000,0.0000,0.0000,0.0000,0.0000,0.0000,0.0000,0.0000,0.0000,0.0000,0.0000,0.0000,0.0000,0.0000,0.0000,0.0000,-221.258,-195.634,26.077,5.360,15.685
783,709.00,2.000,-18.798,13.7507,2.5415,100.0000,0.0000,0.0000,0.0000,0.0000,0.0000,0.0000,0.0000,0.0000,0.0000,0.0000,0.0000,0.0000,0.0000,0.0000,0.0000,0.0000,0.0000,0.0000,-223.349,-197.502,26.316,5.410,15.833
784,708.50,2.000,-18.836,13.8798,2.5415,100.0000,0.0000,0.0000,0.0000,0.0000,0.0000,0.0000,0.0000,0.0000,0.0000,0.0000,0.0000,0.0000,0.0000,0.0000,0.0000,0.0000,0.0000,0.0000,-225.433,-199.365,26.556,5.461,15.981
785,708.00,2.000,-18.874,14.0087,2.5415,100.0000,0.0000,0.0000,0.0000,0.0000,0.0000,0.0000,0.0000,0.0000,0.0000,0.0000,0.0000,0.0000,0.0000,0.0000,0.0000,0.0000,0.0000,0.0000,-227.513,-201.224,26.794,5.512,16.128
786,707.50,2.000,-18.912,14.1373,2.5415,100.0000,0.0000,0.0000,0.0000,0.0000,0.0000,0.0000,0.0000,0.0000,0.0000,0.0000,0.0000,0.0000,0.0000,0.0000,0.0000,0.0000,0.0000,0.0000,-229.589,-203.080,27.032,5.563,16.275
787,707.00,2.000,-18.948,14.3629,2.5415,100.0000,0.0000,0.0000,0.0000,0.0000,0.0000,0.0000,0.0000,0.0000,0.0000,0.0000,0.0000,0.0000,0.0000,0.0000,0.0000,0.0000,0.0000,0.0000,-233.239,-206.329,27.455,5.651,16.534
788,706.50,2.000,-18.970,15.3162,2.5415,100.0000,0.0000,0.0000,0.0000,0.0000,0.0000,0.0000,0.0000,0.0000,0.0000,0.0000,0.0000,0.0000,0.0000,0.0000,0.0000,0.0000,0.0000,0.0000,-248.705,-220.033,29.268,6.026,17.630
789,706.00,2.000,-18.991,16.1090,2.5415,100.0000,0.0000,0.0000,0.0000,0.0000,0.0000,0.0000,0.0000,0.0000,0.0000,0.0000,0.0000,0.0000,0.0000,0.0000,0.0000,0.0000,0.0000,0.0000,-261.562,-231.431,30.773,6.338,18.541
790,705.50,2.000,-19.013,16.7774,2.5415,100.0000,0.0000,0.0000,0.0000,0.0000,0.0000,0.0000,0.0000,0.0000,0.0000,0.0000,0.0000,0.0000,0.0000,0.0000,0.0000,0.0000,0.0000,0.0000,-272.400,-241.043,32.040,6.601,19.309
791,705.00,2.000,-19.035,17.3479,2.5415,100.0000,0.0000,0.0000,0.0000,0.0000,0.0000,0.0000,0.0000,0.0000,0.0000,0.0000,0.0000,0.0000,0.0000,0.0000,0.0000,0.0000,0.0000,0.0000,-281.646,-249.250,33.120,6.826,19.964
792,704.50,2.000,-19.057,17.8402,2.5415,100.0000,0.0000,0.0000,0.0000,0.0000,0.0000,0.00