   8.5099805497497211E-002   4.0730729698193018E-002  -1.0584476426627306E-004   1.3412990166726638E-004           1
   7.6048800008874026E-002   7.2229750099467339E-003   1.6770414364803638E-004   9.0964039387808287E-005           2
   8.5204209375775608E-002   5.4744408222187060E-003   1.2452304416714062E-004   4.7689014729125001E-005           3
   7.7880420288020918E-002   4.3330943183786325E-003   2.0556534119970356E-004   5.5892226806091628E-005           4
   9.0665485122954331E-002   4.3674114023144594E-003   9.6860775468472128E-005   7.8789851009949800E-005           5
   9.2791186301370412E-002   8.2727277387011407E-003   2.7839467425908952E-005   1.2281158857098008E-004           6
   9.3019285670560198E-002   5.4340770195863359E-003   4.9636765227085118E-005   1.0130603688848290E-004           7
   8.9318539999974814E-002   7.4498810768364549E-003   5.2737913965793083E-005   1.1311388961632452E-004           8
   8.6551762703474755E-002   8.9680845844571939E-003   7.7177927439699173E-005   1.0469975683950877E-004           9
   1.8709509217683353E-002   1.3584864601249528E-002   7.8853687706362165E-005  -1.8458416000627093E-004          10
   2.2117055690994859E-002   1.8598828682821700E-002  -1.4985799056705441E-005  -1.5223331658961034E-004          11
   2.9866021117634117E-002   1.0479744253608769E-002   2.3908852251140192E-004  -3.0346991806019979E-005          12
   4.7125541693107419E-002   1.1744899196679273E-002   1.5094225946167778E-004   1.5813551384900661E-005          13
   5.0546691255947053E-002   1.1557759732889914E-002   1.5583399271567602E-004   3.0903076270886402E-005          14
   6.3495860372050517E-002   1.4325103151580004E-002   6.4502698763130894E-005   1.1077665556476179E-004          15
   7.1235472970728395E-002   1.5675113641044191E-002   2.5588190812973721E-006   1.4056219122029492E-004          16
   8.4164497815632816E-002   1.4858331596846066E-002  -1.1370154889185314E-005   1.3625384675522724E-004          17
   8.5414203035267700E-002   1.8932646054215817E-002  -5.9895634026649435E-005   1.4662328061398289E-004          18
   7.8143184113171532E-002   1.4326352089745436E-002   4.1235598737208319E-005   1.1117900552836020E-004          19
   8.7499824413550101E-002   1.4274179957321416E-002  -4.8791137543879370E-006   1.5344316210561269E-004          20
   8.9053458859194690E-002   1.8894086514416038E-002  -4.9750582142747124E-005   1.7474338800455952E-004          21
   9.4727305446655211E-002   1.4185390291666062E-002  -3.0048441573615547E-005   1.6862926830181707E-004          22
   9.2088984789026898E-002   1.8110608773021661E-002  -4.4669548553855194E-005   1.6694019451573395E-004          23
   9.0906606094012743E-002   1.2041004919659664E-002   2.5163854603065702E-005   1.5358669687742519E-004          24
   8.9627676822338659E-002   1.6278132227113277E-002  -2.1586017195254579E-005   1.7263729660478818E-004          25
   9.2140723415060202E-002   1.4389145229993461E-002  -2.0254351104631249E-005   1.7208319858539394E-004          26
   9.4729078853297205E-002   1.8802100362922101E-002  -4.2839025849244065E-005   1.6277176750008568E-004          27
   9.5616626215600228E-002   9.8124193626264056E-003  -5.8729226942524104E-006   1.4107569755290395E-004          28
   1.3319640371655585E-002   2.8362114879676055E-002  -2.2788005281438377E-004  -2.5161563758165323E-004          29
   2.1095129023088334E-002   2.5089946825464123E-002  -1.1076691930368064E-004  -1.5337184407951439E-004          30
   3.0641550259310212E-002   2.0279916611773925E-002  -3.1952875392323830E-005  -8.3743363983664201E-005          31
   4.3615797831164121E-002   2.6752030666664536E-002  -1.3147373270448322E-004   1.2213089706013806E-005          32
   5.1385586433071583E-002   2.3787824582480698E-002  -5.5257249927330367E-005   8.2513552282818329E-005          33
   5.9160440530319491E-002   2.4643805536775358E-002  -1.0147662750896695E-004   1.2169663009857512E-004          34
   7.2148966591723054E-002   2.2948976457931942E-002  -6.9868497672422725E-005   1.6858808127572850E-004          35
   7.9923638413445158E-002   1.9376977233190883E-002  -6.3307711685988213E-005   1.3992081563998700E-004          36
   8.5221483737775439E-002   2.8032338906281418E-002  -3.3669409730681294E-005   1.8276809135150810E-004          37
   8.1053596844567574E-002   2.4832634597177626E-002  -5.6391413965246511E-005   1.5382938413716982E-004          38
   8.7817228169525349E-002   2.5001905566778275E-002  -6.7951593595030579E-005   1.5999463554033691E-004          39
   8.9770639395145360E-002   2.2496206969700085E-002  -5.9462359747832890E-005   1.6038767777525008E-004          40
   9.3090932595543602E-002   2.2237053574237966E-002  -4.0605758893219189E-005   1.6384145400395546E-004          41
   8.6921686957023930E-002   2.2496937395225115E-002  -6.4432238662073146E-005   1.5055646036493366E-004          42
   9.2898687706046187E-002   2.5075105312935452E-002  -5.8797164571845626E-005   1.4638417905619565E-004          43
   9.0495877740130015E-002   2.7998342661169955E-002  -2.8927805331557486E-005   1.5061983997893046E-004          44
   9.4936232938530610E-002   2.7080022870993523E-002  -4.7729116980177854E-005   1.3233476585930396E-004          45
   9.0413658325131624E-002   2.5373016698683852E-002  -6.4226033904393796E-005   1.4904404263150266E-004          46
   1.8390924158875391E-002   3.2443202797943729E-002  -2.3516681128369054E-004  -2.0886884224192190E-004          47
   2.1859055278313246E-002   3.2362748743360634E-002  -2.2713890738273036E-004  -1.9033559575918203E-004          48
   2.9601368401125282E-002   3.3415376043717984E-002  -2.1014409193610356E-004  -1.4775162349230228E-004          49
   4.2614204731915864E-002   3.6666591523765134E-002  -2.3108926903831950E-004   3.1682767018219256E-005          50
   5.0353564634134734E-002   3.0427836653199779E-002  -1.8526743697097500E-004   7.7794789721049928E-005          51
   6.3329632836921682E-002   2.9937992698434848E-002  -1.3385195016907156E-004   1.1984837313136776E-004          52
   7.1128572146961805E-002   3.4174717645304470E-002  -1.5074706212688725E-004   1.3112521089688405E-004          53
   8.4071402166339376E-002   3.4156216314188657E-002  -1.2456999302071372E-004   1.8003449110128784E-004          54
   8.1311912942611878E-002   3.3582715943600149E-002  -1.2816765600789202E-004   1.6392571565056679E-004          55
   8.3876084469881387E-002   3.6819505439552438E-002  -9.7102687809010057E-005   1.6811508111539225E-004          56
   8.7576908849009594E-002   3.2064911213583458E-002  -6.0076683073402392E-005   1.8810831599933028E-004          57
   9.3954742380462863E-002   3.7620223626744713E-002  -4.0150701664104098E-005   1.1442017984222539E-004          58
   9.1001106963598186E-002   3.7611915027432982E-002  -4.1152834674600515E-005   1.2707978822215545E-004          59
   9.3567158306321174E-002   3.1323570105278566E-002  -4.5815647340874170E-005   1.2829054285400337E-004          60
   9.0232344510654094E-002   3.4325941150239320E-002  -6.8719373766515314E-005   1.4998804162392174E-004          61
   9.0984170116854918E-002   3.0557415927615617E-002  -3.7144406817453364E-005   1.5209687914832497E-004          62
   8.7353076393800480E-002   3.4876207056483595E-002  -9.5960503103744913E-005   1.7194675369171244E-004          63
   9.4558810916681682E-002   3.3985180316368359E-002  -4.1992386619242392E-005   1.1957024776827071E-004          64
   1.7427826930420359E-002   4.2561871797491692E-002  -1.7517568434194240E-004  -1.8118827198579623E-004          65
   2.0877145343449525E-002   4.7513354592938074E-002  -2.7234037293778882E-004  -1.3441929482212704E-004          66
   3.3832655184411309E-002   4.7029324973818738E-002  -3.4202121706033783E-004  -7.6063206613682807E-005          67
   4.1526320744139318E-002   4.5035939086701469E-002  -2.9965726773575587E-004   1.3703604549148617E-005          68
   5.4512117203104574E-002   3.9869175290126478E-002  -2.6044406664662824E-004   7.9871909585537079E-005          69
   6.2366923407398071E-002   3.9667144460092701E-002  -2.2708816918469408E-004   8.5199937893747863E-005          70
   7.5338669640743219E-002   4.7151113157023854E-002  -2.1080634012094282E-004   1.6521945920751655E-004          71
   7.8722434421998361E-002   4.5567813086496996E-002  -1.7168329722689254E-004   1.7636347547324391E-004          72
   7.8521403084695449E-002   4.1797277104083083E-002  -1.4450630404621765E-004   1.8475210821089263E-004          73
   9.1690153495395957E-002   4.5080028465536826E-002  -7.2908493353793935E-005   7.6042999068849434E-005          74
   8.6015890512044890E-002   4.4313253367599018E-002  -1.1019395303534364E-004   1.1881540421339701E-004          75
   8.8217961452686608E-002   4.0295914715367975E-002  -7.8835474059175419E-005   1.2723289582931995E-004          76
   9.4326632356842660E-002   4.0470665332075433E-002  -3.5847097307064252E-005   1.0451808843508038E-004          77
   9.3818427687051537E-002   4.7204243436355209E-002  -5.3186063159952009E-005   6.7755256570951948E-005          78
   9.0651160085013394E-002   4.2691716968089245E-002  -7.8861917489409604E-005   9.5872282231599520E-005          79
   8.7671399900316777E-002   4.6373489797432825E-002  -9.0627111394858817E-005   9.2735889985404030E-005          80
   8.8046497993487724E-002   4.2820911138587540E-002  -8.9128436806776220E-005   1.1478351738445261E-004          81
   9.5331487196996731E-002   4.3388841806776317E-002  -4.7071233230830811E-005   9.3345133568879096E-005          82
   1.7287424123959283E-002   4.9526388884230679E-002  -2.5089598967680010E-004  -1.1252768069815601E-004          83
   2.5027506695088426E-002   5.5861879145219111E-002  -3.5012243718134805E-004  -6.7147061659603068E-005          84
   3.7973857394174415E-002   5.4841140043210411E-002  -3.7110488563173568E-004  -4.5578686052443272E-005          85
   4.1390490736391478E-002   5.4831398729641614E-002  -3.6586756053481336E-004  -1.7260201510681630E-005          86
   4.9274133482810532E-002   4.9656135668991665E-002  -3.0942879033366873E-004   3.9813348402035527E-005          87
   6.6532493021724065E-002   5.5785836798643969E-002  -2.7222748474555174E-004   1.0012698252177048E-004          88
   6.9974791541442274E-002   5.1103398059438872E-002  -2.7197976208093459E-004   1.3214008184599306E-004          89
   7.7720793590952700E-002   5.2416342051396017E-002  -2.2845544705340159E-004   9.2965303768308618E-005          90
   7.9514267817605705E-002   5.4424360711059126E-002  -2.1572208937083536E-004   7.0744812245754690E-005          91
   8.4593186244638366E-002   5.2399336923824237E-002  -1.3928151857924150E-004   7.8690051707132330E-005          92
   9.0657098456000826E-002   5.1745436730146359E-002  -6.8391497490145423E-005   6.0622646514814486E-005          93
   8.7519404133913500E-002   5.4839150076758596E-002  -9.2835594511800251E-005   3.9448190047401277E-005          94
   8.5814256502165467E-002   4.9971772712561639E-002  -1.0380064511725884E-004   1.0658975917719824E-004          95
   9.0840921463257701E-002   5.5527563364976114E-002  -8.1722041495387395E-005   4.0539415308128856E-005          96
   9.3311541811044632E-002   5.6645513429076221E-002  -6.2198450987493095E-005   2.9634065883047632E-005          97
   9.3776839187650007E-002   5.2824926870696759E-002  -5.0036725330052470E-005   4.5734452963415541E-005          98
   9.1135430612528143E-002   4.9015075726313563E-002  -6.7435043965231555E-005   6.9635146712372428E-005          99
   9.4914356762733576E-002   4.9532587083262955E-002  -5.4907738894072922E-005   5.7535187139513837E-005         100
   9.5665030379168361E-002   5.5769159061908123E-002  -5.4396639392311252E-005   3.1433131487035820E-005         101
   1.6276640117204508E-002   5.8811959435241909E-002  -2.8512469818451399E-004  -3.0539082520837169E-005         102
   1.9770393001164902E-002   5.9955742536881310E-002  -3.0288729800632323E-004  -2.9847612605046095E-005         103
   3.7028703929670510E-002   6.0725993198754318E-002  -3.3095214156187396E-004  -4.3024762897467557E-005         104
   4.4695782583656814E-002   6.5688743628651278E-002  -3.5480816309792489E-004  -4.8933342605824489E-005         105
   4.8128250586145435E-002   6.5500772606755811E-002  -3.8604487202118214E-004  -4.2349514655161076E-005         106
   6.5393057383946351E-002   6.2785856695050546E-002  -3.1075361416773011E-004   9.4015133405854370E-005         107
   6.8882805178742998E-002   6.1465282779153432E-002  -2.9967675073239034E-004   9.4524574615805247E-005         108
   7.6625687260013023E-002   5.8598363598310353E-002  -1.8549849169892035E-004   7.0514379913346519E-005         109
   8.5430311407929366E-002   6.3986089951929309E-002  -1.1118873536355315E-004   1.7258042528426500E-005         110
   8.0733713035199522E-002   6.5583800494966649E-002  -1.6024827405183308E-004  -1.8620194227560136E-005         111
   8.9768168656488526E-002   6.3033005342501267E-002  -8.3217608214303641E-005  -1.9682607147414097E-007         112
   8.8158536200009796E-002   6.5790436613867659E-002  -1.0466249626908424E-004  -1.4600507131029635E-006         113
   8.9030996797949527E-002   5.8602449358593295E-002  -6.9299746365498500E-005   2.6657278761235777E-005         114
   9.3349162670834124E-002   6.0123511782984307E-002  -5.1374943169855618E-005   1.5650334418198379E-005         115
   8.6965996445456925E-002   6.1258529822389073E-002  -7.2873769181505522E-005   1.9993667951003688E-005         116
   9.1323196812188756E-002   6.5434139562761950E-002  -9.1455890242137831E-005  -1.6012357723569318E-005         117
   8.6333069211334212E-002   5.7643961536126741E-002  -9.1795381273461328E-005   2.3561702517442982E-005         118
   9.4014507578498885E-002   6.4431747551432245E-002  -6.5642354617984235E-005  -1.0279354340676976E-005         119
   1.5283878070700724E-002   7.1113060996559521E-002  -1.6042520141604520E-004   3.9416366816579563E-005         120
   2.8255343770169021E-002   7.5660392613119007E-002  -2.3463342351361411E-004   4.4130634080420371E-005         121
   3.6027644682953643E-002   6.7874430391587498E-002  -2.8923862237311180E-004  -3.8326698266998468E-006         122
   4.3641405662062545E-002   7.2222212556142723E-002  -2.6124159917580473E-004  -1.6253089885995109E-005         123
   5.6624524812559425E-002   7.2140128092922640E-002  -3.2023058586334499E-004  -5.1276849227244946E-006         124
   6.4392827062018460E-002   6.8817663081720576E-002  -2.8104459666076782E-004   3.9491098406095581E-005         125
   6.7864718643562652E-002   7.4771674033519378E-002  -2.7288714292759882E-004  -3.0256886266788510E-005         126
   8.1046140516595297E-002   6.9121359605288424E-002  -1.5291975743159911E-004  -2.9538813103469230E-005         127
   8.1896669078476952E-002   7.2008655309543895E-002  -1.4481574689886818E-004  -4.6030312700559787E-005         128
   8.5586983567328065E-002   6.7556392154956277E-002  -1.2311101074548994E-004  -9.3467680752820429E-006         129
   8.8782942442868426E-002   7.5743522948581762E-002  -5.7055829604457872E-005  -5.3307538279523029E-005         130
   8.9451295563553038E-002   7.0104504782119520E-002  -6.5067276255026700E-005  -3.4780656812954620E-005         131
   9.3624997407797866E-002   6.9162792778230772E-002  -5.5087809704177686E-005  -2.8019924380277432E-005         132
   9.4729549834851920E-002   7.5934887927456535E-002  -4.8263842991325733E-005  -6.2572817575378163E-005         133
   9.5055436400881196E-002   7.3347430413426437E-002  -5.2448013397639392E-005  -4.8849065067545772E-005         134
   8.5861182216668996E-002   7.2508827186869032E-002  -1.1794192262036575E-004  -7.3149949374606504E-005         135
   9.1209519775742959E-002   7.3666565364878978E-002  -8.8352045880151644E-005  -5.4677236300150852E-005         136
   8.8707738420994858E-002   7.3127625159754225E-002  -9.3126271361449034E-005  -6.2876552911483632E-005         137
   9.5315934942568334E-002   6.6775502049423341E-002  -5.2915138508322166E-005  -2.3261835686886590E-005         138
   1.4234537802618586E-002   8.1696170404486332E-002  -1.5530898973796183E-004   8.9827439090188924E-005         139
   2.1968526447615992E-002   7.8224959774978425E-002  -2.0704560630527453E-004   5.9584184234276297E-005         140
   3.4919846695306414E-002   8.0990003134605901E-002  -1.8248859749314415E-004   1.5546263813036629E-005         141
   4.2661180641300228E-002   8.2338768698247647E-002  -1.5169802051893366E-004  -2.1736315520572770E-005         142
   5.5590819387459148E-002   8.1522917042413434E-002  -1.3255418068279528E-004   2.4078321360025944E-005         143
   6.3329917527925841E-002   7.8406769058297285E-002  -2.2611429704499507E-004   1.9556456681169874E-005         144
   7.5632625002818712E-002   7.7006194682562770E-002  -1.9237501488793577E-004  -8.8479060063861062E-005         145
   8.4338261530801262E-002   8.2427000904984712E-002  -1.0324102133988332E-004  -7.0094979307509689E-005         146
   8.0023300333763897E-002   8.5614503694148317E-002  -1.1043841887044475E-004  -7.7544575777756692E-005         147
   7.7153254125427534E-002   7.9525420079851319E-002  -1.3374865469580809E-004  -1.1497192064982372E-004         148
   8.7762464725138212E-002   8.2233822440798826E-002  -7.4777393782175344E-005  -9.8549368852678796E-005         149
   9.4431586970980100E-002   8.5045279352376199E-002  -4.7497212617055326E-005  -9.6140169216531979E-005         150
   8.8470924772227774E-002   8.5337194864002930E-002  -5.6475615125216352E-005  -9.4978094011610736E-005         151
   9.1584296487994613E-002   8.4551128108748125E-002  -6.4246030323241525E-005  -9.1740751960008867E-005         152
   9.1677063698946293E-002   8.0582880673416207E-002  -6.4243997551586610E-005  -8.2734959743410258E-005         153
   8.7879128300068624E-002   7.8263216420340759E-002  -5.7091076166737203E-005  -5.0847203573961971E-005         154
   9.4133720923635214E-002   8.1172999512271207E-002  -5.4853846182512011E-005  -7.8515026089430586E-005         155
   8.5737710582348567E-002   8.0195658831239525E-002  -9.6694474765447963E-005  -6.5112309707174236E-005         156
   1.8422682084203029E-002   8.8582331581660595E-002  -5.1085118770740973E-005   7.5912270283655538E-005         157
   2.6108252548156758E-002   8.7915942540409880E-002  -6.5042379153760991E-005   4.0659101428020223E-005         158
   3.3886713566295384E-002   8.9635700795930348E-002   2.0408151528855705E-005   1.2403982406897873E-005         159
   4.6789008951394546E-002   9.0429106813435550E-002   2.4607730627092830E-005  -1.7298044760813165E-005         160
   5.4566146336299699E-002   8.8158000768817663E-002  -2.3852029238767709E-005  -1.2252269623283780E-005         161
   5.8017332175544466E-002   9.2700835810816631E-002   9.6015717257272803E-005  -3.3645713515682919E-005         162
   7.3063052108929188E-002   9.3446408557652391E-002   9.1473954880789385E-005   9.9807454811421653E-006         163
   8.4414136233894016E-002   8.9997596765798424E-002  -7.0259453431372018E-005  -9.5104125073189100E-005         164
   8.0362824334345162E-002   9.0799227334780935E-002  -2.1454519058122352E-005  -5.3958891249706734E-005         165
   7.7213089041576810E-002   8.6676467460685108E-002  -7.8390890576801811E-005  -6.1907083415394684E-005         166
   9.3814155444969863E-002   9.0187217028114511E-002  -3.8463734531020955E-005  -1.0743235444044547E-004         167
   8.6767731506037310E-002   8.7260033789195446E-002  -5.8437510836720401E-005  -9.8929786689630554E-005         168
   9.2485612022675245E-002   9.5098196589540246E-002   3.4322856605225542E-005  -9.5778916261621741E-005         169
   9.0399704643178952E-002   9.2078846510953882E-002  -2.6028161574400451E-005  -1.3804752309799886E-004         170
   8.6291808444256046E-002   9.3906688960519638E-002   7.3110929901556564E-005  -7.9551912856169478E-005         171
   9.3876073964913750E-002   9.2952591679794652E-002  -1.0780258907691185E-005  -1.1081566766696542E-004         172
   8.7211176640699231E-002   9.0729768268997119E-002  -5.3923172764475759E-005  -1.1215956758640059E-004         173
   8.9351499366353102E-002   8.9277190796963460E-002  -5.5586947522947974E-005  -1.2341503249376328E-004         174
   9.5807855666655478E-002   9.4640750121911865E-002  -7.2095711383730321E-006  -9.9130718679404990E-005         175
