Index,T (C),P (kbars),log(10) f O2,mass (gm),rho (gm/cc),wt% SiO2,wt% TiO2,wt% Al2O3,wt% Fe2O3,wt% Cr2O3,wt% FeO,wt% MnO,wt% MgO,wt% NiO,wt% CoO,wt% CaO,wt% Na2O,wt% K2O,wt% P2O5,wt% H2O,wt% CO2,wt% SO3,wt% Cl2O-1,wt% F2O-1,G (kJ),H (kJ),S (J/K),V (cc),Cp (J/K),cummingtonite,    grunerite,    tremolite
309,792.00,2.000,-3.262,10.7564,2.9220,58.9941,0.0000,0.0000,0.0000,0.0000,1.0483,0.0000,24.5642,0.0000,0.0000,13.1823,0.0000,0.0000,0.0000,2.2110,0.0000,0.0000,0.0000,0.0000,-175.271,-151.939,21.905,3.681,13.320,0.025381,0.016983,0.957636
310,791.00,2.000,-3.322,10.9629,2.9223,58.9897,0.0000,0.0000,0.0000,0.0000,1.0617,0.0000,24.5511,0.0000,0.0000,13.1866,0.0000,0.0000,0.0000,2.2109,0.0000,0.0000,0.0000,0.0000,-178.596,-154.852,22.312,3.752,13.573,0.024779,0.017202,0.958019
311,790.00,2.000,-3.383,11.1642,2.9225,58.9853,0.0000,0.0000,0.0000,0.0000,1.0754,0.0000,24.5378,0.0000,0.0000,13.1908,0.0000,0.0000,0.0000,2.2107,0.0000,0.0000,0.0000,0.0000,-181.834,-157.691,22.708,3.820,13.820,0.024182,0.017424,0.958394
312,789.00,2.000,-3.444,11.3604,2.9228,58.9809,0.0000,0.0000,0.0000,0.0000,1.0892,0.0000,24.5245,0.0000,0.0000,13.1948,0.0000,0.0000,0.0000,2.2105,0.0000,0.0000,0.0000,0.0000,-184.987,-160.458,23.094,3.887,14.060,0.023590,0.017650,0.958759
313,788.00,2.000,-3.505,11.5515,2.9230,58.9764,0.0000,0.0000,0.0000,0.0000,1.1033,0.0000,24.5112,0.0000,0.0000,13.1987,0.0000,0.0000,0.0000,2.2104,0.0000,0.0000,0.0000,0.0000,-188.056,-163.152,23.468,3.952,14.294,0.023003,0.017880,0.959117
314,787.00,2.000,-3.567,11.7377,2.9233,58.9719,0.0000,0.0000,0.0000,0.0000,1.1176,0.0000,24.4978,0.0000,0.0000,13.2025,0.0000,0.0000,0.0000,2.2102,0.0000,0.0000,0.0000,0.0000,-191.042,-165.776,23.832,4.015,14.521,0.022420,0.018113,0.959467
315,786.00,2.000,-3.629,11.9189,2.9236,58.9673,0.0000,0.0000,0.0000,0.0000,1.1321,0.0000,24.4843,0.0000,0.0000,13.2062,0.0000,0.0000,0.0000,2.2100,0.0000,0.0000,0.0000,0.0000,-193.946,-168.330,24.186,4.077,14.743,0.021841,0.018350,0.959809
316,785.00,2.000,-3.691,12.0953,2.9239,58.9627,0.0000,0.0000,0.0000,0.0000,1.1468,0.0000,24.4708,0.0000,0.0000,13.2098,0.0000,0.0000,0.0000,2.2099,0.0000,0.0000,0.0000,0.0000,-196.771,-170.816,24.529,4.137,14.958,0.021266,0.018589,0.960145
317,784.00,2.000,-3.753,12.2671,2.9241,58.9581,0.0000,0.0000,0.0000,0.0000,1.1616,0.0000,24.4573,0.0000,0.0000,13.2133,0.0000,0.0000,0.0000,2.2097,0.0000,0.0000,0.0000,0.0000,-199.518,-173.235,24.862,4.195,15.167,0.020696,0.018831,0.960474
318,783.00,2.000,-3.815,12.4342,2.9244,58.9535,0.0000,0.0000,0.0000,0.0000,1.1766,0.0000,24.4437,0.0000,0.0000,13.2167,0.0000,0.0000,0.0000,2.2095,0.0000,0.0000,0.0000,0.0000,-202.189,-175.589,25.186,4.252,15.371,0.020129,0.019075,0.960796
319,782.00,2.000,-3.877,12.5968,2.9247,58.9488,0.0000,0.0000,0.0000,0.0000,1.1918,0.0000,24.4301,0.0000,0.0000,13.2200,0.0000,0.0000,0.0000,2.2093,0.0000,0.0000,0.0000,0.0000,-204.785,-177.879,25.500,4.307,15.569,0.019565,0.019322,0.961113
320,781.00,2.000,-3.939,12.7551,2.9250,58.9441,0.0000,0.0000,0.0000,0.0000,1.2070,0.0000,24.4164,0.0000,0.0000,13.2232,0.0000,0.0000,0.0000,2.2092,0.0000,0.0000,0.0000,0.0000,-207.309,-180.107,25.805,4.361,15.761,0.019005,0.019571,0.961424
321,780.00,2.000,-4.000,12.9091,2.9252,58.9394,0.0000,0.0000,0.0000,0.0000,1.2224,0.0000,24.4028,0.0000,0.0000,13.2264,0.0000,0.0000,0.0000,2.2090,0.0000,0.0000,0.0000,0.0000,-209.762,-182.274,26.101,4.413,15.949,0.018448,0.019822,0.961730
322,779.00,2.000,-4.062,13.0590,2.9255,58.9347,0.0000,0.0000,0.0000,0.0000,1.2379,0.0000,24.3891,0.0000,0.0000,13.2295,0.0000,0.0000,0.0000,2.2088,0.0000,0.0000,0.0000,0.0000,-212.146,-184.382,26.388,4.464,16.130,0.017894,0.020075,0.962031
323,778.00,2.000,-4.123,13.2048,2.9258,58.9300,0.0000,0.0000,0.0000,0.0000,1.2535,0.0000,24.3754,0.0000,0.0000,13.2325,0.0000,0.0000,0.0000,2.2086,0.0000,0.0000,0.0000,0.0000,-214.464,-186.434,26.667,4.513,16.307,0.017344,0.020329,0.962327
324,777.00,2.000,-4.184,13.3468,2.9261,58.9252,0.0000,0.0000,0.0000,0.0000,1.2691,0.0000,24.3617,0.0000,0.0000,13.2354,0.0000,0.0000,0.0000,2.2085,0.0000,0.0000,0.0000,0.0000,-216.718,-188.430,26.937,4.561,16.479,0.016796,0.020585,0.962618
325,776.00,2.000,-4.245,13.4850,2.9263,58.9205,0.0000,0.0000,0.0000,0.0000,1.2849,0.0000,24.3481,0.0000,0.0000,13.2383,0.0000,0.0000,0.0000,2.2083,0.0000,0.0000,0.0000,0.0000,-218.910,-190.373,27.200,4.608,16.647,0.016252,0.020842,0.962906
326,775.00,2.000,-4.305,13.6196,2.9266,58.9157,0.0000,0.0000,0.0000,0.0000,1.3007,0.0000,24.3344,0.0000,0.0000,13.2411,0.0000,0.0000,0.0000,2.2081,0.0000,0.0000,0.0000,0.0000,-221.041,-192.265,27.454,4.654,16.809,0.015710,0.021100,0.963190
327,774.00,2.000,-4.365,13.7506,2.9269,58.9110,0.0000,0.0000,0.0000,0.0000,1.3165,0.0000,24.3207,0.0000,0.0000,13.2439,0.0000,0.0000,0.0000,2.2079,0.0000,0.0000,0.0000,0.0000,-223.115,-194.107,27.702,4.698,16.968,0.015171,0.021359,0.963469
328,773.00,2.000,-4.424,13.8784,2.9272,58.9062,0.0000,0.0000,0.0000,0.0000,1.3324,0.0000,24.3070,0.0000,0.0000,13.2466,0.0000,0.0000,0.0000,2.2077,0.0000,0.0000,0.0000,0.0000,-225.133,-195.901,27.942,4.741,17.122,0.014635,0.021619,0.963746
329,772.00,2.000,-4.483,14.0028,2.9275,58.9014,0.0000,0.0000,0.0000,0.0000,1.3484,0.0000,24.2933,0.0000,0.0000,13.2493,0.0000,0.0000,0.0000,2.2076,0.0000,0.0000,0.0000,0.0000,-227.097,-197.649,28.176,4.783,17.272,0.014102,0.021879,0.964019
330,771.00,2.000,-4.542,14.1242,2.9278,58.8966,0.0000,0.0000,0.0000,0.0000,1.3644,0.0000,24.2797,0.0000,0.0000,13.2520,0.0000,0.0000,0.0000,2.2074,0.0000,0.0000,0.0000,0.0000,-229.010,-199.353,28.403,4.824,17.418,0.013571,0.022140,0.964289
331,770.00,2.000,-4.600,14.2425,2.9280,58.8919,0.0000,0.0000,0.0000,0.0000,1.3803,0.0000,24.2660,0.0000,0.0000,13.2545,0.0000,0.0000,0.0000,2.2072,0.0000,0.0000,0.0000,0.0000,-230.873,-201.015,28.623,4.864,17.560,0.013043,0.022402,0.964556
332,769.00,2.000,-4.658,14.3580,2.9283,58.8871,0.0000,0.0000,0.0000,0.0000,1.3964,0.0000,24.2524,0.0000,0.0000,13.2571,0.0000,0.0000,0.0000,2.2070,0.0000,0.0000,0.0000,0.0000,-232.689,-202.636,28.838,4.903,17.699,0.012517,0.022663,0.964820
333,768.00,2.000,-4.715,14.4708,2.9286,58.8823,0.0000,0.0000,0.0000,0.0000,1.4124,0.0000,24.2388,0.0000,0.0000,13.2596,0.0000,0.0000,0.0000,2.2069,0.0000,0.0000,0.0000,0.0000,-234.460,-204.218,29.047,4.941,17.834,0.011994,0.022925,0.965081
334,767.00,2.000,-4.772,14.5809,2.9289,58.8776,0.0000,0.0000,0.0000,0.0000,1.4284,0.0000,24.2253,0.0000,0.0000,13.2621,0.0000,0.0000,0.0000,2.2067,0.0000,0.0000,0.0000,0.0000,-236.187,-205.763,29.250,4.978,17.966,0.011473,0.023187,0.965340
335,766.00,2.000,-4.828,14.6885,2.9292,58.8728,0.0000,0.0000,0.0000,0.0000,1.4444,0.0000,24.2117,0.0000,0.0000,13.2646,0.0000,0.0000,0.0000,2.2065,0.0000,0.0000,0.0000,0.0000,-237.873,-207.272,29.448,5.015,18.095,0.010955,0.023449,0.965596
336,765.00,2.000,-4.884,14.7937,2.9295,58.8681,0.0000,0.0000,0.0000,0.0000,1.4604,0.0000,24.1982,0.0000,0.0000,13.2670,0.0000,0.0000,0.0000,2.2063,0.0000,0.0000,0.0000,0.0000,-239.518,-208.747,29.641,5.050,18.221,0.010439,0.023710,0.965850
337,764.00,2.000,-4.939,14.8966,2.9297,58.8633,0.0000,0.0000,0.0000,0.0000,1.4764,0.0000,24.1848,0.0000,0.0000,13.2694,0.0000,0.0000,0.0000,2.2061,0.0000,0.0000,0.0000,0.0000,-241.126,-210.189,29.829,5.085,18.344,0.009926,0.023972,0.966102
338,763.00,2.000,-5.007,13.7750,2.9300,58.8585,0.0000,0.0000,0.0000,0.0000,1.4926,0.0000,24.1709,0.0000,0.0000,13.2720,0.0000,0.0000,0.0000,2.2060,0.0000,0.0000,0.0000,0.0000,-222.916,-194.354,27.566,4.701,16.959,0.009391,0.024238,0.966371
339,762.00,2.000,-5.076,12.4722,2.9303,58.8538,0.0000,0.0000,0.0000,0.0000,1.5082,0.0000,24.1575,0.0000,0.0000,13.2746,0.0000,0.0000,0.0000,2.2058,0.0000,0.0000,0.0000,0.0000,-201.785,-175.965,24.943,4.256,15.352,0.008866,0.024493,0.966641
340,761.00,2.000,-5.143,11.3128,2.9306,58.8494,0.0000,0.0000,0.0000,0.0000,1.5230,0.0000,24.1447,0.0000,0.0000,13.2773,0.0000,0.0000,0.0000,2.2056,0.0000,0.0000,0.0000,0.0000,-182.985,-159.602,22.611,3.860,13.922,0.008357,0.024735,0.966908
341,760.00,2.000,-5.208,10.3130,2.9308,58.8451,0.0000,0.0000,0.0000,0.0000,1.5370,0.0000,24.1325,0.0000,0.0000,13.2800,0.0000,0.0000,0.0000,2.2055,0.0000,0.0000,0.0000,0.0000,-166.776,-145.493,20.600,3.519,12