Index,T (C),P (kbars),log(10) f O2,mass (gm),rho (gm/cc),wt% SiO2,wt% TiO2,wt% Al2O3,wt% Fe2O3,wt% Cr2O3,wt% FeO,wt% MnO,wt% MgO,wt% NiO,wt% CoO,wt% CaO,wt% Na2O,wt% K2O,wt% P2O5,wt% H2O,wt% CO2,wt% SO3,wt% Cl2O-1,wt% F2O-1,G (kJ),H (kJ),S (J/K),V (cc),Cp (J/K)
416,892.50,2.000,-15.772,0.0013,3.0625,0.0000,0.0000,0.0000,0.0000,0.0000,0.0000,0.0000,0.0000,0.0000,0.0000,55.8202,0.0000,0.0000,42.3866,1.7932,0.0000,0.0000,0.0000,0.0000,-0.019,-0.016,0.003,0.000,0.001
417,892.00,2.000,-15.783,0.0036,3.0625,0.0000,0.0000,0.0000,0.0000,0.0000,0.0000,0.0000,0.0000,0.0000,0.0000,55.8202,0.0000,0.0000,42.3866,1.7932,0.0000,0.0000,0.0000,0.0000,-0.053,-0.044,0.008,0.001,0.004
418,891.50,2.000,-15.795,0.0059,3.0625,0.0000,0.0000,0.0000,0.0000,0.0000,0.0000,0.0000,0.0000,0.0000,0.0000,55.8202,0.0000,0.0000,42.3866,1.7932,0.0000,0.0000,0.0000,0.0000,-0.087,-0.072,0.012,0.002,0.007
419,891.00,2.000,-15.806,0.0081,3.0625,0.0000,0.0000,0.0000,0.0000,0.0000,0.0000,0.0000,0.0000,0.0000,0.0000,55.8202,0.0000,0.0000,42.3866,1.7932,0.0000,0.0000,0.0000,0.0000,-0.120,-0.100,0.017,0.003,0.009
420,890.50,2.000,-15.818,0.0103,3.0625,0.0000,0.0000,0.0000,0.0000,0.0000,0.0000,0.0000,0.0000,0.0000,0.0000,55.8202,0.0000,0.0000,42.3866,1.7932,0.0000,0.0000,0.0000,0.0000,-0.154,-0.128,0.022,0.003,0.012
421,890.00,2.000,-15.829,0.0125,3.0625,0.0000,0.0000,0.0000,0.0000,0.0000,0.0000,0.0000,0.0000,0.0000,0.0000,55.8202,0.0000,0.0000,42.3866,1.7932,0.0000,0.0000,0.0000,0.0000,-0.186,-0.155,0.027,0.004,0.014
422,889.50,2.000,-15.840,0.0147,3.0625,0.0000,0.0000,0.0000,0.0000,0.0000,0.0000,0.0000,0.0000,0.0000,0.0000,55.8202,0.0000,0.0000,42.3866,1.7932,0.0000,0.0000,0.0000,0.0000,-0.218,-0.182,0.031,0.005,0.017
423,889.00,2.000,-15.851,0.0168,3.0625,0.0000,0.0000,0.0000,0.0000,0.0000,0.0000,0.0000,0.0000,0.0000,0.0000,55.8202,0.0000,0.0000,42.3866,1.7932,0.0000,0.0000,0.0000,0.0000,-0.250,-0.209,0.036,0.006,0.019
424,888.50,2.000,-15.862,0.0190,3.0625,0.0000,0.0000,0.0000,0.0000,0.0000,0.0000,0.0000,0.0000,0.0000,0.0000,55.8202,0.0000,0.0000,42.3866,1.7932,0.0000,0.0000,0.0000,0.0000,-0.282,-0.235,0.040,0.006,0.021
425,888.00,2.000,-15.873,0.0211,3.0625,0.0000,0.0000,0.0000,0.0000,0.0000,0.0000,0.0000,0.0000,0.0000,0.0000,55.8202,0.0000,0.0000,42.3866,1.7932,0.0000,0.0000,0.0000,0.0000,-0.313,-0.261,0.045,0.007,0.024
426,887.50,2.000,-15.884,0.0231,3.0625,0.0000,0.0000,0.0000,0.0000,0.0000,0.0000,0.0000,0.0000,0.0000,0.0000,55.8202,0.0000,0.0000,42.3866,1.7932,0.0000,0.0000,0.0000,0.0000,-0.343,-0.287,0.049,0.008,0.026
427,887.00,2.000,-15.895,0.0252,3.0625,0.0000,0.0000,0.0000,0.0000,0.0000,0.0000,0.0000,0.0000,0.0000,0.0000,55.8202,0.0000,0.0000,42.3866,1.7932,0.0000,0.0000,0.0000,0.0000,-0.374,-0.312,0.053,0.008,0.029
428,886.50,2.000,-15.906,0.0272,3.0625,0.0000,0.0000,0.0000,0.0000,0.0000,0.0000,0.0000,0.0000,0.0000,0.0000,55.8202,0.0000,0.0000,42.3866,1.7932,0.0000,0.0000,0.0000,0.0000,-0.404,-0.337,0.058,0.009,0.031
429,886.00,2.000,-15.917,0.0292,3.0625,0.0000,0.0000,0.0000,0.0000,0.0000,0.0000,0.0000,0.0000,0.0000,0.0000,55.8202,0.0000,0.0000,42.3866,1.7932,0.0000,0.0000,0.0000,0.0000,-0.433,-0.361,0.062,0.010,0.033
430,885.50,2.000,-15.927,0.0311,3.0625,0.0000,0.0000,0.0000,0.0000,0.0000,0.0000,0.0000,0.0000,0.0000,0.0000,55.8202,0.0000,0.0000,42.3866,1.7932,0.0000,0.0000,0.0000,0.0000,-0.462,-0.386,0.066,0.010,0.035
431,885.00,2.000,-15.938,0.0331,3.0625,0.0000,0.0000,0.0000,0.0000,0.0000,0.0000,0.0000,0.0000,0.0000,0.0000,55.8202,0.0000,0.0000,42.3866,1.7932,0.0000,0.0000,0.0000,0.0000,-0.491,-0.410,0.070,0.011,0.037
432,884.50,2.000,-15.949,0.0350,3.0625,0.0000,0.0000,0.0000,0.0000,0.0000,0.0000,0.0000,0.0000,0.0000,0.0000,55.8202,0.0000,0.0000,42.3866,1.7932,0.0000,0.0000,0.0000,0.0000,-0.520,-0.434,0.074,0.011,0.040
433,884.00,2.000,-15.959,0.0369,3.0625,0.0000,0.0000,0.0000,0.0000,0.0000,0.0000,0.0000,0.0000,0.0000,0.0000,55.8202,0.0000,0.0000,42.3866,1.7932,0.0000,0.0000,0.0000,0.0000,-0.548,-0.457,0.078,0.012,0.042
434,883.50,2.000,-15.969,0.0388,3.0625,0.0000,0.0000,0.0000,0.0000,0.0000,0.0000,0.0000,0.0000,0.0000,0.0000,55.8202,0.0000,0.0000,42.3866,1.7932,0.0000,0.0000,0.0000,0.0000,-0.575,-0.480,0.082,0.013,0.044
435,883.00,2.000,-15.980,0.0406,3.0625,0.0000,0.0000,0.0000,0.0000,0.0000,0.0000,0.0000,0.0000,0.0000,0.0000,55.8202,0.0000,0.0000,42.3866,1.7932,0.0000,0.0000,0.0000,0.0000,-0.603,-0.503,0.086,0.013,0.046
436,882.50,2.000,-15.990,0.0424,3.0625,0.0000,0.0000,0.0000,0.0000,0.0000,0.0000,0.0000,0.0000,0.0000,0.0000,55.8202,0.0000,0.0000,42.3866,1.7932,0.0000,0.0000,0.0000,0.0000,-0.630,-0.526,0.090,0.014,0.048
437,882.00,2.000,-16.000,0.0443,3.0625,0.0000,0.0000,0.0000,0.0000,0.0000,0.0000,0.0000,0.0000,0.0000,0.0000,55.8202,0.0000,0.0000,42.3866,1.7932,0.0000,0.0000,0.0000,0.0000,-0.657,-0.548,0.094,0.014,0.050
438,881.50,2.000,-16.010,0.0460,3.0625,0.0000,0.0000,0.0000,0.0000,0.0000,0.0000,0.0000,0.0000,0.0000,0.0000,55.8202,0.0000,0.0000,42.3866,1.7932,0.0000,0.0000,0.0000,0.0000,-0.683,-0.571,0.097,0.015,0.052
439,881.00,2.000,-16.020,0.0478,3.0625,0.0000,0.0000,0.0000,0.0000,0.0000,0.0000,0.0000,0.0000,0.0000,0.0000,55.8202,0.0000,0.0000,42.3866,1.7932,0.0000,0.0000,0.0000,0.0000,-0.709,-0.592,0.101,0.016,0.054
440,880.50,2.000,-16.030,0.0495,3.0625,0.0000,0.0000,0.0000,0.0000,0.0000,0.0000,0.0000,0.0000,0.0000,0.0000,55.8202,0.0000,0.0000,42.3866,1.7932,0.0000,0.0000,0.0000,0.0000,-0.735,-0.614,0.105,0.016,0.056
441,880.00,2.000,-16.040,0.0512,3.0625,0.0000,0.0000,0.0000,0.0000,0.0000,0.0000,0.0000,0.0000,0.0000,0.0000,55.8202,0.0000,0.0000,42.3866,1.7932,0.0000,0.0000,0.0000,0.0000,-0.760,-0.635,0.108,0.017,0.058
442,879.50,2.000,-16.050,0.0529,3.0625,0.0000,0.0000,0.0000,0.0000,0.0000,0.0000,0.0000,0.0000,0.0000,0.0000,55.8202,0.0000,0.0000,42.3866,1.7932,0.0000,0.0000,0.0000,0.0000,-0.785,-0.656,0.112,0.017,0.060
443,879.00,2.000,-16.060,0.0546,3.0625,0.0000,0.0000,0.0000,0.0000,0.0000,0.0000,0.0000,0.0000,0.0000,0.0000,55.8202,0.0000,0.0000,42.3866,1.7932,0.0000,0.0000,0.0000,0.0000,-0.810,-0.677,0.115,0.018,0.062
444,878.50,2.000,-16.070,0.0563,3.0625,0.0000,0.0000,0.0000,0.0000,0.0000,0.0000,0.0000,0.0000,0.0000,0.0000,55.8202,0.0000,0.0000,42.3866,1.7932,0.0000,0.0000,0.0000,0.0000,-0.835,-0.698,0.119,0.018,0.064
445,878.00,2.000,-16.080,0.0579,3.0625,0.0000,0.0000,0.0000,0.0000,0.0000,0.0000,0.0000,0.0000,0.0000,0.0000,55.8202,0.0000,0.0000,42.3866,1.7932,0.0000,0.0000,0.0000,0.0000,-0.859,-0.718,0.122,0.019,0.065
446,877.50,2.000,-16.089,0.0595,3.0625,0.0000,0.0000,0.0000,0.0000,0.0000,0.0000,0.0000,0.0000,0.0000,0.0000,55.8202,0.0000,0.0000,42.3866,1.7932,0.0000,0.0000,0.0000,0.0000,-0.883,-0.738,0.126,0.019,0.067
447,877.00,2.000,-16.099,0.0611,3.0625,0.0000,0.0000,0.0000,0.0000,0.0000,0.0000,0.0000,0.0000,0.0000,0.0000,55.8202,0.0000,0.0000,42.3866,1.7932,0.0000,0.0000,0.0000,0.0000,-0.906,-0.758,0.129,0.020,0.069
448,876.50,2.000,-16.108,0.0627,3.0625,0.0000,0.0000,0.0000,0.0000,0.0000,0.0000,0.0000,0.0000,0.0000,0.0000,55.8202,0.0000,0.0000,42.3866,1.7932,0.0000,0.0000,0.0000,0.0000,-0.929,-0.777,0.132,0.020,0.071
449,876.00,2.000,-16.118,0.0642,3.0625,0.0000,0.0000,0.0000,0.0000,0.0000,0.0000,0.0000,0.0000,0.0000,0.0000,55.8202,0.0000,0.0000,42.3866,1.7932,0.0000,0.0000,0.0000,0.0000,-0.952,-0.797,0.136,0.021,0.073
450,875.50,2.000,-16.127,0.0658,3.0625,0.0000,0.0000,0.0000,0.0000,0.0000,0.0000,0.0000,0.0000,0.0000,0.0000,55.8202,0.0000,0.0000,42.3866,1.7932,0.0000,0.0000,0.0000,0.0000,-0.975,-0.816,0.139,0.021,0.074
451,875.00,2.000,-16.137,0.0673,3.0625,0.0000,0.0000,0.0000,0.0000,0.0000,0.0000,0.0000,0.0000,0.0000,0.0000,55.8202,0.0000,0.0000,42.3866,1.7932,0.0000,0.0000,0.0000,0.0000,-0.998,-0.835,0.142,0.022,0.076
452,874.50,2.000,-16.146,0.0688,3.0625,0.0000,0.0000,0.0000,0.0000,0.0000,0.0000,0.0000,0.0000,0.0000,0.0000,55.8202,0.0000,0.0000,42.3866,1.7932,0.0000,0.0000,0.0000,0.0000,-1.020,-0.853,0.145,0.022,0.078
453,874.00,2.000,-16.155,0.0703,3.0625,0.0000,0.0000,0.0000,0.0000,0.0000,0.0000,0.0000,0.0000,0.0000,0.0000,55.8202,0.0000,0.0000,42.3866,1.7932,0.0000,0.0000,0.0000,0.0000,-1.041,-0.872,0.148,0.023,0.079
454,873.50,2.000,-16.164,0.0717,3.0625,0.0000,0.0000,0.0000,0.0000,0.0000,0.0000,0.0000,0.0000,0.0000,0.0000,55.8202,0.0000,0.0000,42.3866,1.7932,0.0000,0.0000,0.0000,0.0000,-1.063,-0.890,0.151,0.023,0.081
455,873.00,2.000,-16.173,0.0732,3.0625,0.0000,0.0000,0.0000,0.0000,0.0000,0.0000,0.0000,0.0000,0.0000,0.0000,55.8202,0.0000,0.0000,42.3866,1.7932,0.0000,0.0000,0.0000,0.0000,-1.084,-0.908,0.154,0.024,0.083
456,872.50,2.000,-16.182,0.0746,3.0625,0.0000,0.0000,0.0000,0.0000,0.0000,0.0000,0.0000,0.0000,0.0000,0.0000,55.8202,0.0000,0.0000,42.3866,1.7932,0.0000,0.0000,0.0000,0.0000,-1.105,-0.925,0.157,0.024,0.084
457,872.00,2.000,-16.191,0.0760,3.0625,0.0000,0.0000,0.0000,0.0000,0.0000,0.0000,0.0000,0.0000,0.0000,0.0000,55.8202,0.0000,0.0000,42.3866,1.7932,0.0000,0.0000,0.0000,0.0000,-1.126,-0.943,0.160,0.025,0.086
458,871.50,2.000,-16.200,0.0774,3.0625,0.0000,0.0000,0.0000,0.0000,0.0000,0.0000,0.0000,0.0000,0.0000,0.0000,55.8202,0.0000,0.0000,42.3866,1.7932,0.0000,0.0000,0.0000,0.0000,-1.147,-0.960,0.163,0.025,0.087
459,871.00,2.000,-16.209,0.0788,3.0625,0.0000,0.0000,0.0000,0.0000,0.0000,0.0000,0.0000,0.0000,0.0000,0.0000,55.8202,0.0000,0.0000,42.3866,1.7932,0.0000,0.0000,0.0000,0.0000,-1.167,-0.977,0.166,0.026,0.089
460,870.50,2.000,-16.218,0.0801,3.0625,0.0000,0.0000,0.0000,0.0000,0.0000,0.0000,0.0000,0.0000,0.0000,0.0000,55.8202,0.0000,0.0000,42.3866,1.7932,0.0000,0.0000,0.0000,0.0000,-1.187,-0.994,0.169,0.026,0.091
461,870.00,2.000,-16.227,0.0815,3.0625,0.0000,0.0000,0.0000,0.0000,0.0000,0.0000,0.0000,0.0000,0.0000,0.0000,55.8202,0.0000,0.0000,42.3866,1.7932,0.0000,0.0000,0.0000,0.0000,-1.207,-1.011,0.171,0.027,0.092
462,869.50,2.000,-16.235,0.0828,3.0625,0.0000,0.0000,0.0000,0.0000,0.0000,0.0000,0.0000,0.0000,0.0000,0.0000,55.8202,0.0000,0.0000,42.3866,1.7932,0.0000,0.0000,0.0000,0.0000,-1.226,-1.027,0.174,0.027,0.094
463,869.00,2.000,-16.244,0.0841,3.0625,0.0000,0.0000,0.0000,0.0000,0.0000,0.0000,0.0000,0.0000,0.0000,0.0000,55.8202,0.0000,0.0000,42.3866,1.7932,0.0000,0.0000,0.0000,0.0000,-1.246,-1.044,0.177,0.027,0.095
464,868.50,2.000,-16.253,0.0854,3.0625,0.0000,0.0000,0.0000,0.0000,0.0000,0.0000,0.0000,0.0000,0.0000,0.0000,55.8202,0.0000,0.0000,42.3866,1.7932,0.0000,0.0000,0.0000,0.0000,-1.265,-1.060,0.180,0.028,0.096
465,868.00,2.000,-16.261,0.0867,3.0625,0.0000,0.0000,0.0000,0.0000,0.0000,0.0000,0.0000,0.0000,0.0000,0.0000,55.8202,0.0000,0.0000,42.3866,1.7932,0.0000,0.0000,0.0000,0.0000,-1.283,-1.076,0.182,0.028,0.098
466,867.50,2.000,-16.270,0.0879,3.0625,0.0000,0.0000,0.0000,0.0000,0.0000,0.0000,0.0000,0.0000,0.0000,0.0000,55.8202,0.0000,0.0000,42.3866,1.7932,0.0000,0.0000,0.0000,0.0000,-1.302,-1.091,0.185,0.029,0.099
467,867.00,2.000,-16.278,0.0892,3.0625,0.0000,0.0000,0.0000,0.0000,0.0000,0.0000,0.0000,0.0000,0.0000,0.0000,55.8202,0.0000,0.0000,42.3866,1.7932,0.0000,0.0000,0.0000,0.0000,-1.320,-1.107,0.187,0.029,0.101
468,866.50,2.000,-16.286,0.0904,3.0625,0.0000,0.0000,0.0000,0.0000,0.0000,0.0000,0.0000,0.0000,0.0000,0.0000,55.8202,0.0000,0.0000,42.3866,1.7932,0.0000,0.0000,0.0000,0.0000,-1.338,-1.122,0.190,0.030,0.102
469,866.00,2.000,-16.295,0.0916,3.0625,0.0000,0.0000,0.0000,0.0000,0.0000,0.0000,0.0000,0.0000,0.0000,0.0000,55.8202,0.0000,0.0000,42.3866,1.7932,0.0000,0.0000,0.0000,0.0000,-1.356,-1.137,0.192,0.030,0.103
470,865.50,2.000,-16.303,0.0928,3.0625,0.0000,0.0000,0.0000,0.0000,0.0000,0.0000,0.0000,0.0000,0.0000,0.0000,55.8202,0.0000,0.0000,42.3866,1.7932,0.0000,0.0000,0.0000,0.0000,-1.374,-1.152,0.195,0.030,0.105
471,865.00,2.000,-16.311,0.0940,3.0625,0.0000,0.0000,0.0000,0.0000,0.0000,0.0000,0.0000,0.0000,0.0000,0.0000,55.8202,0.0000,0.0000,42.3866,1.7932,0.0000,0.0000,0.0000,0.0000,-1.391,-1.167,0.197,0.031,0.106
472,864.50,2.000,-16.319,0.0952,3.0625,0.0000,0.0000,0.0000,0.0000,0.0000,0.0000,0.0000,0.0000,0.0000,0.0000,55.8202,0.0000,0.0000,42.3866,1.7932,0.0000,0.0000,0.0000,0.0000,-1.409,-1.181,0.200,0.031,0.107
473,864.00,2.000,-16.327,0.0963,3.0625,0.0000,0.0000,0.0000,0.0000,0.0000,0.0000,0.0000,0.0000,0.0000,0.0000,55.8202,0.0000,0.0000,42.3866,1.7932,0.0000,0.0000,0.0000,0.0000,-1.426,-1.196,0.202,0.031,0.109
474,863.50,2.000,-16.335,0.0975,3.0625,0.0000,0.0000,0.0000,0.0000,0.0000,0.0000,0.0000,0.0000,0.0000,0.0000,55.8202,0.0000,0.0000,42.3866,1.7932,0.0000,0.0000,0.0000,0.0000,-1.442,-1.210,0.204,0.032,0.110
475,863.00,2.000,-16.343,0.0986,3.0625,0.0000,0.0000,0.0000,0.0000,0.0000,0.0000,0.0000,0.0000,0.0000,0.0000,55.8202,0.0000,0.0000,42.3866,1.7932,0.0000,0.0000,0.0000,0.0000,-1.459,-1.224,0.207,0.032,0.111
476,862.50,2.000,-16.351,0.0997,3.0625,0.0000,0.0000,0.0000,0.0000,0.0000,0.0000,0.0000,0.0000,0.0000,0.0000,55.8202,0.0000,0.0000,42.3866,1.7932,0.0000,0.0000,0.0000,0.0000,-1.475,-1.238,0.209,0.033,0.112
477,862.00,2.000,-16.359,0.1008,3.0625,0.0000,0.0000,0.0000,0.0000,0.0000,0.0000,0.0000,0.0000,0.0000,0.0000,55.8202,0.0000,0.0000,42.3866,1.7932,0.0000,0.0000,0.0000,0.0000,-1.491,-1.252,0.211,0.033,0.114
478,861.50,2.000,-16.367,0.1019,3.0625,0.0000,0.0000,0.0000,0.0000,0.0000,0.0000,0.0000,0.0000,0.0000,0.0000,55.8202,0.0000,0.0000,42.3866,1.7932,0.0000,0.0000,0.0000,0.0000,-1.507,-1.265,0.213,0.033,0.115
479,861.00,2.000,-16.375,0.1029,3.0625,0.0000,0.0000,0.0000,0.0000,0.0000,0.0000,0.0000,0.0000,0.0000,0.0000,55.8202,0.0000,0.0000,42.3866,1.7932,0.0000,0.0000,0.0000,0.0000,-1.523,-1.278,0.216,0.034,0.116
480,860.50,2.000,-16.383,0.1040,3.0625,0.0000,0.0000,0.0000,0.0000,0.0000,0.0000,0.0000,0.0000,0.0000,0.0000,55.8202,0.0000,0.0000,42.3866,1.7932,0.0000,0.0000,0.0000,0.0000,-1.539,-1.292,0.218,0.034,0.117
481,860.00,2.000,-16.390,0.1051,3.0625,0.0000,0.0000,0.0000,0.0000,0.0000,0.0000,0.0000,0.0000,0.0000,0.0000,55.8202,0.0000,0.0000,42.3866,1.7932,0.0000,0.0000,0.0000,0.0000,-1.554,-1.305,0.220,0.034,0.118
482,859.50,2.000,-16.398,0.1061,3.0625,0.0000,0.0000,0.0000,0.0000,0.0000,0.0000,0.0000,0.0000,0.0000,0.0000,55.8202,0.0000,0.0000,42.3866,1.7932,0.0000,0.0000,0.0000,0.0000,-1.569,-1.318,0.222,0.035,0.120
483,859.00,2.000,-16.406,0.1071,3.0625,0.0000,0.0000,0.0000,0.0000,0.0000,0.0000,0.0000,0.0000,0.0000,0.0000,55.8202,0.0000,0.0000,42.3866,1.7932,0.0000,0.0000,0.0000,0.0000,-1.584,-1.330,0.224,0.035,0.121
484,858.50,2.000,-16.413,0.1081,3.0625,0.0000,0.0000,0.0000,0.0000,0.0000,0.0000,0.0000,0.0000,0.0000,0.0000,55.8202,0.0000,0.0000,42.3866,1.7932,0.0000,0.0000,0.0000,0.0000,-1.599,-1.343,0.226,0.035,0.122
485,858.00,2.000,-16.421,0.1091,3.0625,0.0000,0.0000,0.0000,0.0000,0.0000,0.0000,0.0000,0.0000,0.0000,0.0000,55.8202,0.0000,0.0000,42.3866,1.7932,0.0000,0.0000,0.0000,0.0000,-1.613,-1.355,0.228,0.036,0.123
486,857.50,2.000,-16.428,0.1101,3.0625,0.0000,0.0000,0.0000,0.0000,0.0000,0.0000,0.0000,0.0000,0.0000,0.0000,55.8202,0.0000,0.0000,42.3866,1.7932,0.0000,0.0000,0.0000,0.0000,-1.628,-1.367,0.230,0.036,0.124
487,857.00,2.000,-16.436,0.1111,3.0625,0.0000,0.0000,0.0000,0.0000,0.0000,0.0000,0.0000,0.0000,0.0000,0.0000,55.8202,0.0000,0.0000,42.3866,1.7932,0.0000,0.0000,0.0000,0.0000,-1.642,-1.380,0.232,0.036,0.125
488,856.50,2.000,-16.443,0.1120,3.0625,0.0000,0.0000,0.0000,0.0000,0.0000,0.0000,0.0000,0.0000,0.0000,0.0000,55.8202,0.0000,0.0000,42.3866,1.7932,0.0000,0.0000,0.0000,0.0000,-1.656,-1.392,0.234,0.037,0.126
489,856.00,2.000,-16.450,0.1130,3.0625,0.0000,0.0000,0.0000,0.0000,0.0000,0.0000,0.0000,0.0000,0.0000,0.0000,55.8202,0.0000,0.0000,42.3866,1.7932,0.0000,0.0000,0.0000,0.0000,-1.670,-1.403,0.236,0.037,0.127
490,855.50,2.000,-16.458,0.1139,3.0625,0.0000,0.0000,0.0000,0.0000,0.0000,0.0000,0.0000,0.0000,0.0000,0.0000,55.8202,0.0000,0.0000,42.3866,1.7932,0.0000,0.0000,0.0000,0.0000,-1.684,-1.415,0.238,0.037,0.128
491,855.00,2.000,-16.465,0.1148,3.0625,0.0000,0.0000,0.0000,0.0000,0.0000,0.0000,0.0000,0.0000,0.0000,0.0000,55.8202,0.0000,0.0000,42.3866,1.7932,0.0000,0.0000,0.0000,0.0000,-1.697,-1.427,0.240,0.037,0.129
492,854.50,2.000,-16.472,0.1157,3.0625,0.0000,0.0000,0.0000,0.0000,0.0000,0.0000,0.0000,0.0000,0.0000,0.0000,55.8202,0.0000,0.0000,42.3866,1.7932,0.0000,0.0000,0.0000,0.0000,-1.710,-1.438,0.242,0.038,0.130
493,854.00,2.000,-16.479,0.1167,3.0625,0.0000,0.0000,0.0000,0.0000,0.0000,0.0000,0.0000,0.0000,0.0000,0.0000,55.8202,0.0000,0.0000,42.3866,1.7932,0.0000,0.0000,0.0000,0.0000,-1.725,-1.451,0.244,0.038,0.132
494,853.50,2.000,-16.485,0.1178,3.0625,0.0000,0.0000,0.0000,0.0000,0.0000,0.0000,0.0000,0.0000,0.0000,0.0000,55.8202,0.0000,0.0000,42.3866,1.7932,0.0000,0.0000,0.0000,0.0000,-1.741,-1.464,0.246,0.038,0.133
495,853.00,2.000,-16.491,0.1189,3.0625,0.0000,0.0000,0.0000,0.0000,0.0000,0.0000,0.0000,0.0000,0.0000,0.0000,55.8202,0.0000,0.0000,42.3866,1.7932,0.0000,0.0000,0.0000,0.0000,-1.757,-1.477,0.248,0.039,0.134
496,852.50,2.000,-16.497,0.1199,3.0625,0.0000,0.0000,0.0000,0.0000,0.0000,0.0000,0.0000,0.0000,0.0000,0.0000,55.8202,0.0000,0.0000,42.3866,1.7932,0.0000,0.0000,0.0000,0.0000,-1.772,-1.490,0.250,0.039,0.135
497,852.00,2.000,-16.503,0.1209,3.0625,0.0000,0.0000,0.0000,0.0000,0.0000,0.0000,0.0000,0.0000,0.0000,0.0000,55.8202,0.0000,0.0000,42.3866,1.7932,0.0000,0.0000,0.0000,0.0000,-1.787,-1.503,0.252,0.039,0.136
498,851.50,2.000,-16.509,0.1219,3.0625,0.0000,0.0000,0.0000,0.0000,0.0000,0.0000,0.0000,0.0000,0.0000,0.0000,55.8202,0.0000,0.0000,42.3866,1.7932,0.0000,0.0000,0.0000,0.0000,-1.801,-1.515,0.254,0.040,0.137
499,851.00,2.000,-16.515,0.1229,3.0625,0.0000,0.0000,0.0000,0.0000,0.0000,0.0000,0.0000,0.0000,0.0000,0.0000,55.8202,0.0000,0.0000,42.3866,1.7932,0.0000,0.0000,0.0000,0.0000,-1.816,-1.528,0.256,0.040,0.138
500,850.50,2.000,-16.521,0.1239,3.0625,0.0000,0.0000,0.0000,0.0000,0.0000,0.0000,0.0000,0.0000,0.0000,0.0000,55.8202,0.0000,0.0000,42.3866,1.7932,0.0000,0.0000,0.0000,0.0000,-1.830,-1.540,0.258,0.040,0.140
501,850.00,2.000,-16.527,0.1248,3.0625,0.0000,0.0000,0.0000,0.0000,0.0000,0.0000,0.0000,0.0000,0.0000,0.0000,55.8202,0.0000,0.0000,42.3866,1.7932,0.0000,0.0000,0.0000,0.0000,-1.844,-1.552,0.260,0.041,0.141
502,849.50,2.000,-16.532,0.1257,3.0625,0.0000,0.0000,0.0000,0.0000,0.0000,0.0000,0.0000,0.0000,0.0000,0.0000,55.8202,0.0000,0.0000,42.3866,1.7932,0.0000,0.0000,0.0000,0.0000,-1.857,-1.563,0.262,0.041,0.142
503,849.00,2.000,-16.538,0.1267,3.0625,0.0000,0.0000,0.0000,0.0000,0.0000,0.0000,0.0000,0.0000,0.0000,0.0000,55.8202,0.0000,0.0000,42.3866,1.7932,0.0000,0.0000,0.0000,0.0000,-1.871,-1.575,0.264,0.041,0.143
504,848.50,2.000,-16.543,0.1276,3.0625,0.0000,0.0000,0.0000,0.0000,0.0000,0.0000,0.0000,0.0000,0.0000,0.0000,55.8202,0.0000,0.0000,42.3866,1.7932,0.0000,0.0000,0.0000,0.0000,-1.884,-1.586,0.266,0.042,0.144
505,848.00,2.000,-16.548,0.1284,3.0625,0.0000,0.0000,0.0000,0.0000,0.0000,0.0000,0.0000,0.0000,0.0000,0.0000,55.8202,0.0000,0.0000,42.3866,1.7932,0.0000,0.0000,0.0000,0.0000,-1.897,-1.597,0.267,0.042,0.145
506,847.50,2.000,-16.554,0.1293,3.0625,0.0000,0.0000,0.0000,0.0000,0.0000,0.0000,0.0000,0.0000,0.0000,0.0000,55.8202,0.0000,0.0000,42.3866,1.7932,0.0000,0.0000,0.0000,0.0000,-1.909,-1.608,0.269,0.042,0.146
507,847.00,2.000,-16.559,0.1301,3.0625,0.0000,0.0000,0.0000,0.0000,0.0000,0.0000,0.0000,0.0000,0.0000,0.0000,55.8202,0.0000,0.0000,42.3866,1.7932,0.0000,0.0000,0.0000,0.0000,-1.922,-1.618,0.271,0.042,0.147
508,846.50,2.000,-16.564,0.1310,3.0625,0.0000,0.0000,0.0000,0.0000,0.0000,0.0000,0.0000,0.0000,0.0000,0.0000,55.8202,0.0000,0.0000,42.3866,1.7932,0.0000,0.0000,0.0000,0.0000,-1.934,-1.629,0.272,0.043,0.147
509,846.00,2.000,-16.569,0.1318,3.0625,0.0000,0.0000,0.0000,0.0000,0.0000,0.0000,0.0000,0.0000,0.0000,0.0000,55.8202,0.0000,0.0000,42.3866,1.7932,0.0000,0.0000,0.0000,0.0000,-1.946,-1.639,0.274,0.043,0.148
510,845.50,2.000,-16.574,0.1326,3.0625,0.0000,0.0000,0.0000,0.0000,0.0000,0.0000,0.0000,0.0000,0.0000,0.0000,55.8202,0.0000,0.0000,42.3866,1.7932,0.0000,0.0000,0.0000,0.0000,-1.957,-1.649,0.276,0.043,0.149
511,845.00,2.000,-16.579,0.1334,3.0625,0.0000,0.0000,0.0000,0.0000,0.0000,0.0000,0.0000,0.0000,0.0000,0.0000,55.8202,0.0000,0.0000,42.3866,1.7932,0.0000,0.0000,0.0000,0.0000,-1.969,-1.659,0.277,0.044,0.150
512,844.50,2.000,-16.583,0.1342,3.0625,0.0000,0.0000,0.0000,0.0000,0.0000,0.0000,0.0000,0.0000,0.0000,0.0000,55.8202,0.0000,0.0000,42.3866,1.7932,0.0000,0.0000,0.0000,0.0000,-1.980,-1.668,0.279,0.044,0.151
513,844.00,2.000,-16.588,0.1349,3.0625,0.0000,0.0000,0.0000,0.0000,0.0000,0.0000,0.0000,0.0000,0.0000,0.0000,55.8202,0.0000,0.0000,42.3866,1.7932,0.0000,0.0000,0.0000,0.0000,-1.991,-1.678,0.280,0.044,0.152
514,843.50,2.000,-16.593,0.1357,3.0625,0.0000,0.0000,0.0000,0.0000,0.0000,0.0000,0.0000,0.0000,0.0000,0.0000,55.8202,0.0000,0.0000,42.3866,1.7932,0.0000,0.0000,0.0000,0.0000,-2.002,-1.687,0.282,0.044,0.153
515,843.00,2.000,-16.597,0.1364,3.0625,0.0000,0.0000,0.0000,0.0000,0.0000,0.0000,0.0000,0.0000,0.0000,0.0000,55.8202,0.0000,0.0000,42.3866,1.7932,0.0000,0.0000,0.0000,0.0000,-2.013,-1.697,0.283,0.045,0.153
516,842.50,2.000,-16.602,0.1371,3.0625,0.0000,0.0000,0.0000,0.0000,0.0000,0.0000,0.0000,0.0000,0.0000,0.0000,55.8202,0.0000,0.0000,42.3866,1.7932,0.0000,0.0000,0.0000,0.0000,-2.023,-1.706,0.285,0.045,0.154
517,842.00,2.000,-16.606,0.1378,3.0625,0.0000,0.0000,0.0000,0.0000,0.0000,0.0000,0.0000,0.0000,0.0000,0.0000,55.8202,0.0000,0.0000,42.3866,1.7932,0.0000,0.0000,0.0000,0.0000,-2.034,-1.714,0.286,0.045,0.155
518,841.50,2.000,-16.610,0.1385,3.0625,0.0000,0.0000,0.0000,0.0000,0.0000,0.0000,0.0000,0.0000,0.0000,0.0000,55.8202,0.0000,0.0000,42.3866,1.7932,0.0000,0.0000,0.0000,0.0000,-2.044,-1.723,0.287,0.045,0.156
519,841.00,2.000,-16.615,0.1392,3.0625,0.0000,0.0000,0.0000,0.0000,0.0000,0.0000,0.0000,0.0000,0.0000,0.0000,55.8202,0.0000,0.0000,42.3866,1.7932,0.0000,0.0000,0.0000,0.0000,-2.054,-1.732,0.289,0.045,0.157
520,840.50,2.000,-16.619,0.1399,3.0625,0.0000,0.0000,0.0000,0.0000,0.0000,0.0000,0.0000,0.0000,0.0000,0.0000,55.8202,0.0000,0.0000,42.3866,1.7932,0.0000,0.0000,0.0000,0.0000,-2.063,-1.740,0.290,0.046,0.157
521,840.00,2.000,-16.623,0.1405,3.0625,0.0000,0.0000,0.0000,0.0000,0.0000,0.0000,0.0000,0.0000,0.0000,0.0000,55.8202,0.0000,0.0000,42.3866,1.7932,0.0000,0.0000,0.0000,0.0000,-2.073,-1.748,0.291,0.046,0.158
522,839.50,2.000,-16.627,0.1412,3.0625,0.0000,0.0000,0.0000,0.0000,0.0000,0.0000,0.0000,0.0000,0.0000,0.0000,55.8202,0.0000,0.0000,42.3866,1.7932,0.0000,0.0000,0.0000,0.0000,-2.082,-1.757,0.293,0.046,0.159
523,839.00,2.000,-16.631,0.1418,3.0625,0.0000,0.0000,0.0000,0.0000,0.0000,0.0000,0.0000,0.0000,0.0000,0.0000,55.8202,0.0000,0.0000,42.3866,1.7932,0.0000,0.0000,0.0000,0.0000,-2.091,-1.764,0.294,0.046,0.159
524,838.50,2.000,-16.635,0.1424,3.0625,0.0000,0.0000,0.0000,0.0000,0.0000,0.0000,0.0000,0.0000,0.0000,0.0000,55.8202,0.0000,0.0000,42.3866,1.7932,0.0000,0.0000,0.0000,0.0000,-2.100,-1.772,0.295,0.047,0.160
525,838.00,2.000,-16.639,0.1430,3.0625,0.0000,0.0000,0.0000,0.0000,0.0000,0.0000,0.0000,0.0000,0.0000,0.0000,55.8202,0.0000,0.0000,42.3866,1.7932,0.0000,0.0000,0.0000,0.0000,-2.109,-1.780,0.296,0.047,0.161
526,837.50,2.000,-16.643,0.1436,3.0625,0.0000,0.0000,0.0000,0.0000,0.0000,0.0000,0.0000,0.0000,0.0000,0.0000,55.8202,0.0000,0.0000,42.3866,1.7932,0.0000,0.0000,0.0000,0.0000,-2.118,-1.787,0.298,0.047,0.161
527,837.00,2.000,-16.647,0.1442,3.0625,0.0000,0.0000,0.0000,0.0000,0.0000,0.0000,0.0000,0.0000,0.0000,0.0000,55.8202,0.0000,0.0000,42.3866,1.7932,0.0000,0.0000,0.0000,0.0000,-2.126,-1.795,0.299,0.047,0.162
528,836.50,2.000,-16.651,0.1448,3.0625,0.0000,0.0000,0.0000,0.0000,0.0000,0.0000,0.0000,0.0000,0.0000,0.0000,55.8202,0.0000,0.0000,42.3866,1.7932,0.0000,0.0000,0.0000,0.0000,-2.135,-1.802,0.300,0.047,0.163
529,836.00,2.000,-16.654,0.1454,3.0625,0.0000,0.0000,0.0000,0.0000,0.0000,0.0000,0.0000,0.0000,0.0000,0.0000,55.8202,0.0000,0.0000,42.3866,1.7932,0.0000,0.0000,0.0000,0.0000,-2.143,-1.809,0.301,0.047,0.163
530,835.50,2.000,-16.658,0.1459,3.0625,0.0000,0.0000,0.0000,0.0000,0.0000,0.0000,0.0000,0.0000,0.0000,0.0000,55.8202,0.0000,0.0000,42.3866,1.7932,0.0000,0.0000,0.0000,0.0000,-2.151,-1.816,0.302,0.048,0.164
531,835.00,2.000,-16.661,0.1465,3.0625,0.0000,0.0000,0.0000,0.0000,0.0000,0.0000,0.0000,0.0000,0.0000,0.0000,55.8202,0.0000,0.0000,42.3866,1.7932,0.0000,0.0000,0.0000,0.0000,-2.159,-1.823,0.303,0.048,0.165
532,834.50,2.000,-16.665,0.1470,3.0625,0.0000,0.0000,0.0000,0.0000,0.0000,0.0000,0.0000,0.0000,0.0000,0.0000,55.8202,0.0000,0.0000,42.3866,1.7932,0.0000,0.0000,0.0000,0.0000,-2.167,-1.830,0.304,0.048,0.165
533,834.00,2.000,-16.669,0.1475,3.0625,0.0000,0.0000,0.0000,0.0000,0.0000,0.0000,0.0000,0.0000,0.0000,0.0000,55.8202,0.0000,0.0000,42.3866,1.7932,0.0000,0.0000,0.0000,0.0000,-2.174,-1.837,0.305,0.048,0.166
534,833.50,2.000,-16.672,0.1480,3.0625,0.0000,0.0000,0.0000,0.0000,0.0000,0.0000,0.0000,0.0000,0.0000,0.0000,55.8202,0.0000,0.0000,42.3866,1.7932,0.0000,0.0000,0.0000,0.0000,-2.182,-1.843,0.306,0.048,0.166
535,833.00,2.000,-16.675,0.1486,3.0625,0.0000,0.0000,0.0000,0.0000,0.0000,0.0000,0.0000,0.0000,0.0000,0.0000,55.8202,0.0000,0.0000,42.3866,1.7932,0.0000,0.0000,0.0000,0.0000,-2.189,-1.849,0.307,0.049,0.167
536,832.50,2.000,-16.679,0.1490,3.0625,0.0000,0.0000,0.0000,0.0000,0.0000,0.0000,0.0000,0.0000,0.0000,0.0000,55.8202,0.0000,0.0000,42.3866,1.7932,0.0000,0.0000,0.0000,0.0000,-2.196,-1.856,0.308,0.049,0.167
537,832.00,2.000,-16.682,0.1495,3.0625,0.0000,0.0000,0.0000,0.0000,0.0000,0.0000,0.0000,0.0000,0.0000,0.0000,55.8202,0.0000,0.0000,42.3866,1.7932,0.0000,0.0000,0.0000,0.0000,-2.203,-1.862,0.309,0.049,0.168
538,831.50,2.000,-16.685,0.1500,3.0625,0.0000,0.0000,0.0000,0.0000,0.0000,0.0000,0.0000,0.0000,0.0000,0.0000,55.8202,0.0000,0.0000,42.3866,1.7932,0.0000,0.0000,0.0000,0.0000,-2.210,-1.868,0.310,0.049,0.168
539,831.00,2.000,-16.688,0.1505,3.0625,0.0000,0.0000,0.0000,0.0000,0.0000,0.0000,0.0000,0.0000,0.0000,0.0000,55.8202,0.0000,0.0000,42.3866,1.7932,0.0000,0.0000,0.0000,0.0000,-2.217,-1.874,0.311,0.049,0.169
540,830.50,2.000,-16.692,0.1509,3.0625,0.0000,0.0000,0.0000,0.0000,0.0000,0.0000,0.0000,0.0000,0.0000,0.0000,55.8202,0.0000,0.0000,42.3866,1.7932,0.0000,0.0000,0.0000,0.0000,-2.223,-1.880,0.312,0.049,0.169
541,830.00,2.000,-16.695,0.1514,3.0625,0.0000,0.0000,0.0000,0.0000,0.0000,0.0000,0.0000,0.0000,0.0000,0.0000,55.8202,0.0000,0.0000,42.3866,1.7932,0.0000,0.0000,0.0000,0.0000,-2.230,-1.885,0.312,0.049,0.170
542,829.50,2.000,-16.698,0.1518,3.0625,0.0000,0.0000,0.0000,0.0000,0.0000,0.0000,0.0000,0.0000,0.0000,0.0000,55.8202,0.0000,0.0000,42.3866,1.7932,0.0000,0.0000,0.0000,0.0000,-2.236,-1.891,0.313,0.050,0.170
543,829.00,2.000,-16.701,0.1523,3.0625,0.0000,0.0000,0.0000,0.0000,0.0000,0.0000,0.0000,0.0000,0.0000,0.0000,55.8202,0.0000,0.0000,42.3866,1.7932,0.0000,0.0000,0.0000,0.0000,-2.242,-1.896,0.314,0.050,0.171
544,828.50,2.000,-16.704,0.1527,3.0625,0.0000,0.0000,0.0000,0.0000,0.0000,0.0000,0.0000,0.0000,0.0000,0.0000,55.8202,0.0000,0.0000,42.3866,1.7932,0.0000,0.0000,0.0000,0.0000,-2.249,-1.902,0.315,0.050,0.171
545,828.00,2.000,-16.707,0.1531,3.0625,0.0000,0.0000,0.0000,0.0000,0.0000,0.0000,0.0000,0.0000,0.0000,0.0000,55.8202,0.0000,0.0000,42.3866,1.7932,0.0000,0.0000,0.0000,0.0000,-2.254,-1.907,0.316,0.050,0.172
546,827.50,2.000,-16.710,0.1535,3.0625,0.0000,0.0000,0.0000,0.0000,0.0000,0.0000,0.0000,0.0000,0.0000,0.0000,55.8202,0.0000,0.0000,42.3866,1.7932,0.0000,0.0000,0.0000,0.0000,-2.260,-1.912,0.316,0.050,0.172
547,827.00,2.000,-16.713,0.1539,3.0625,0.0000,0.0000,0.0000,0.0000,0.0000,0.0000,0.0000,0.0000,0.0000,0.0000,55.8202,0.0000,0.0000,42.3866,1.7932,0.0000,0.0000,0.0000,0.0000,-2.266,-1.917,0.317,0.050,0.173
548,826.50,2.000,-16.715,0.1543,3.0625,0.0000,0.0000,0.0000,0.0000,0.0000,0.0000,0.0000,0.0000,0.0000,0.0000,55.8202,0.0000,0.0000,42.3866,1.7932,0.0000,0.0000,0.0000,0.0000,-2.272,-1.922,0.318,0.050,0.173
549,826.00,2.000,-16.718,0.1547,3.0625,0.0000,0.0000,0.0000,0.0000,0.0000,0.0000,0.0000,0.0000,0.0000,0.0000,55.8202,0.0000,0.0000,42.3866,1.7932,0.0000,0.0000,0.0000,0.0000,-2.277,-1.927,0.319,0.051,0.174
550,825.50,2.000,-16.721,0.1551,3.0625,0.0000,0.0000,0.0000,0.0000,0.0000,0.0000,0.0000,0.0000,0.0000,0.0000,55.8202,0.0000,0.0000,42.3866,1.7932,0.0000,0.0000,0.0000,0.0000,-2.282,-1.932,0.319,0.051,0.174
551,825.00,2.000,-16.724,0.1554,3.0625,0.0000,0.0000,0.0000,0.0000,0.0000,0.0000,0.0000,0.0000,0.0000,0.0000,55.8202,0.0000,0.0000,42.3866,1.7932,0.0000,0.0000,0.0000,0.0000,-2.288,-1.936,0.320,0.051,0.174
552,824.50,2.000,-16.726,0.1558,3.0625,0.0000,0.0000,0.0000,0.0000,0.0000,0.0000,0.0000,0.0000,0.0000,0.0000,55.8202,0.0000,0.0000,42.3866,1.7932,0.0000,0.0000,0.0000,0.0000,-2.293,-1.941,0.321,0.051,0.175
553,824.00,2.000,-16.729,0.1561,3.0625,0.0000,0.0000,0.0000,0.0000,0.0000,0.0000,0.0000,0.0000,0.0000,0.0000,55.8202,0.0000,0.0000,42.3866,1.7932,0.0000,0.0000,0.0000,0.0000,-2.298,-1.945,0.321,0.051,0.175
554,823.50,2.000,-16.732,0.1565,3.0625,0.0000,0.0000,0.0000,0.0000,0.0000,0.0000,0.0000,0.0000,0.0000,0.0000,55.8202,0.0000,0.0000,42.3866,1.7932,0.0000,0.0000,0.0000,0.0000,-2.303,-1.950,0.322,0.051,0.176
555,823.00,2.000,-16.734,0.1568,3.0625,0.0000,0.0000,0.0000,0.0000,0.0000,0.0000,0.0000,0.0000,0.0000,0.0000,55.8202,0.0000,0.0000,42.3866,1.7932,0.0000,0.0000,0.0000,0.0000,-2.307,-1.954,0.322,0.051,0.176
556,822.50,2.000,-16.737,0.1571,3.0625,0.0000,0.0000,0.0000,0.0000,0.0000,0.0000,0.0000,0.0000,0.0000,0.0000,55.8202,0.0000,0.0000,42.3866,1.7932,0.0000,0.0000,0.0000,0.0000,-2.312,-1.958,0.323,0.051,0.176
557,822.00,2.000,-16.739,0.1575,3.0625,0.0000,0.0000,0.0000,0.0000,0.0000,0.0000,0.0000,0.0000,0.0000,0.0000,55.8202,0.0000,0.0000,42.3866,1.7932,0.0000,0.0000,0.0000,0.0000,-2.317,-1.962,0.324,0.051,0.177
558,821.50,2.000,-16.742,0.1578,3.0625,0.0000,0.0000,0.0000,0.0000,0.0000,0.0000,0.0000,0.0000,0.0000,0.0000,55.8202,0.0000,0.0000,42.3866,1.7932,0.0000,0.0000,0.0000,0.0000,-2.321,-1.966,0.324,0.052,0.177
559,821.00,2.000,-16.744,0.1581,3.0625,0.0000,0.0000,0.0000,0.0000,0.0000,0.0000,0.0000,0.0000,0.0000,0.0000,55.8202,0.0000,0.0000,42.3866,1.7932,0.0000,0.0000,0.0000,0.0000,-2.325,-1.970,0.325,0.052,0.177
560,820.50,2.000,-16.747,0.1584,3.0625,0.0000,0.0000,0.0000,0.0000,0.0000,0.0000,0.0000,0.0000,0.0000,0.0000,55.8202,0.0000,0.0000,42.3866,1.7932,0.0000,0.0000,0.0000,0.0000,-2.330,-1.974,0.325,0.052,0.178
561,820.00,2.000,-16.749,0.1587,3.0625,0.0000,0.0000,0.0000,0.0000,0.0000,0.0000,0.0000,0.0000,0.0000,0.0000,55.8202,0.0000,0.0000,42.3866,1.7932,0.0000,0.0000,0.0000,0.0000,-2.334,-1.978,0.326,0.052,0.178
562,819.50,2.000,-16.752,0.1589,3.0625,0.0000,0.0000,0.0000,0.0000,0.0000,0.0000,0.0000,0.0000,0.0000,0.0000,55.8202,0.0000,0.0000,42.3866,1.7932,0.0000,0.0000,0.0000,0.0000,-2.338,-1.981,0.326,0.052,0.178
563,819.00,2.000,-16.754,0.1592,3.0625,0.0000,0.0000,0.0000,0.0000,0.0000,0.0000,0.0000,0.0000,0.0000,0.0000,55.8202,0.0000,0.0000,42.3866,1.7932,0.0000,0.0000,0.0000,0.0000,-2.342,-1.985,0.327,0.052,0.178
564,818.50,2.000,-16.756,0.1595,3.0625,0.0000,0.0000,0.0000,0.0000,0.0000,0.0000,0.0000,0.0000,0.0000,0.0000,55.8202,0.0000,0.0000,42.3866,1.7932,0.0000,0.0000,0.0000,0.0000,-2.346,-1.988,0.327,0.052,0.179
565,818.00,2.000,-16.758,0.1598,3.0625,0.0000,0.0000,0.0000,0.0000,0.0000,0.0000,0.0000,0.0000,0.0000,0.0000,55.8202,0.0000,0.0000,42.3866,1.7932,0.0000,0.0000,0.0000,0.0000,-2.349,-1.992,0.328,0.052,0.179
566,817.50,2.000,-16.761,0.1600,3.0625,0.0000,0.0000,0.0000,0.0000,0.0000,0.0000,0.0000,0.0000,0.0000,0.0000,55.8202,0.0000,0.0000,42.3866,1.7932,0.0000,0.0000,0.0000,0.0000,-2.353,-1.995,0.328,0.052,0.179
567,817.00,2.000,-16.763,0.1603,3.0625,0.0000,0.0000,0.0000,0.0000,0.0000,0.0000,0.0000,0.0000,0.0000,0.0000,55.8202,0.0000,0.0000,42.3866,1.7932,0.0000,0.0000,0.0000,0.0000,-2.356,-1.998,0.329,0.052,0.180
568,816.50,2.000,-16.765,0.1605,3.0625,0.0000,0.0000,0.0000,0.0000,0.0000,0.0000,0.0000,0.0000,0.0000,0.0000,55.8202,0.0000,0.0000,42.3866,1.7932,0.0000,0.0000,0.0000,0.0000,-2.360,-2.001,0.329,0.052,0.180
569,816.00,2.000,-16.767,0.1608,3.0625,0.0000,0.0000,0.0000,0.0000,0.0000,0.0000,0.0000,0.0000,0.0000,0.0000,55.8202,0.0000,0.0000,42.3866,1.7932,0.0000,0.0000,0.0000,0.0000,-2.363,-2.004,0.329,0.052,0.180
570,815.50,2.000,-16.770,0.1610,3.0625,0.0000,0.0000,0.0000,0.0000,0.0000,0.0000,0.0000,0.0000,0.0000,0.0000,55.8202,0.0000,0.0000,42.3866,1.7932,0.0000,0.0000,0.0000,0.0000,-2.366,-2.007,0.330,0.053,0.180
571,815.00,2.000,-16.772,0.1612,3.0625,0.0000,0.0000,0.0000,0.0000,0.0000,0.0000,0.0000,0.0000,0.0000,0.0000,55.8202,0.0000,0.0000,42.3866,1.7932,0.0000,0.0000,0.0000,0.0000,-2.370,-2.010,0.330,0.053,0.181
572,814.50,2.000,-16.774,0.1614,3.0625,0.0000,0.0000,0.0000,0.0000,0.0000,0.0000,0.0000,0.0000,0.0000,0.0000,55.8202,0.0000,0.0000,42.3866,1.7932,0.0000,0.0000,0.0000,0.0000,-2.373,-2.013,0.331,0.053,0.181
573,814.00,2.000,-16.776,0.1616,3.0625,0.0000,0.0000,0.0000,0.0000,0.0000,0.0000,0.0000,0.0000,0.0000,0.0000,55.8202,0.0000,0.0000,42.3866,1.7932,0.0000,0.0000,0.0000,0.0000,-2.376,-2.016,0.331,0.053,0.181
574,813.50,2.000,-16.778,0.1618,3.0625,0.0000,0.0000,0.0000,0.0000,0.0000,0.0000,0.0000,0.0000,0.0000,0.0000,55.8202,0.0000,0.0000,42.3866,1.7932,0.0000,0.0000,0.0000,0.0000,-2.378,-2.018,0.331,0.053,0.181
575,813.00,2.000,-16.780,0.1620,3.0625,0.0000,0.0000,0.0000,0.0000,0.0000,0.0000,0.0000,0.0000,0.0000,0.0000,55.8202,0.0000,0.0000,42.3866,1.7932,0.0000,0.0000,0.0000,0.0000,-2.381,-2.021,0.332,0.053,0.181
576,812.50,2.000,-16.782,0.1622,3.0625,0.0000,0.0000,0.0000,0.0000,0.0000,0.0000,0.0000,0.0000,0.0000,0.0000,55.8202,0.0000,0.0000,42.3866,1.7932,0.0000,0.0000,0.0000,0.0000,-2.384,-2.024,0.332,0.053,0.182
577,812.00,2.000,-16.784,0.1624,3.0625,0.0000,0.0000,0.0000,0.0000,0.0000,0.0000,0.0000,0.0000,0.0000,0.0000,55.8202,0.0000,0.0000,42.3866,1.7932,0.0000,0.0000,0.0000,0.0000,-2.387,-2.026,0.332,0.053,0.182
578,811.50,2.000,-16.785,0.1627,3.0625,0.0000,0.0000,0.0000,0.0000,0.0000,0.0000,0.0000,0.0000,0.0000,0.0000,55.8202,0.0000,0.0000,42.3866,1.7932,0.0000,0.0000,0.0000,0.0000,-2.390,-2.029,0.333,0.053,0.182
579,811.00,2.000,-16.787,0.1629,3.0625,0.0000,0.0000,0.0000,0.0000,0.0000,0.0000,0.0000,0.0000,0.0000,0.0000,55.8202,0.0000,0.0000,42.3866,1.7932,0.0000,0.0000,0.0000,0.0000,-2.393,-2.032,0.333,0.053,0.182
580,810.50,2.000,-16.788,0.1631,3.0625,0.0000,0.0000,0.0000,0.0000,0.0000,0.0000,0.0000,0.0000,0.0000,0.0000,55.8202,0.0000,0.0000,42.3866,1.7932,0.0000,0.0000,0.0000,0.0000,-2.396,-2.035,0.333,0.053,0.183
581,810.00,2.000,-16.789,0.1634,3.0625,0.0000,0.0000,0.0000,0.0000,0.0000,0.0000,0.0000,0.0000,0.0000,0.0000,55.8202,0.0000,0.0000,42.3866,1.7932,0.0000,0.0000,0.0000,0.0000,-2.400,-2.038,0.334,0.053,0.183
582,809.50,2.000,-16.791,0.1636,3.0625,0.0000,0.0000,0.0000,0.0000,0.0000,0.0000,0.0000,0.0000,0.0000,0.0000,55.8202,0.0000,0.0000,42.3866,1.7932,0.0000,0.0000,0.0000,0.0000,-2.403,-2.041,0.334,0.053,0.183
583,809.00,2.000,-16.792,0.1638,3.0625,0.0000,0.0000,0.0000,0.0000,0.0000,0.0000,0.0000,0.0000,0.0000,0.0000,55.8202,0.0000,0.0000,42.3866,1.7932,0.0000,0.0000,0.0000,0.0000,-2.406,-2.044,0.335,0.053,0.183
584,808.50,2.000,-16.793,0.1640,3.0625,0.0000,0.0000,0.0000,0.0000,0.0000,0.0000,0.0000,0.0000,0.0000,0.0000,55.8202,0.0000,0.0000,42.3866,1.7932,0.0000,0.0000,0.0000,0.0000,-2.409,-2.047,0.335,0.054,0.184
585,808.00,2.000,-16.795,0.1642,3.0625,0.0000,0.0000,0.0000,0.0000,0.0000,0.0000,0.0000,0.0000,0.0000,0.0000,55.8202,0.0000,0.0000,42.3866,1.7932,0.0000,0.0000,0.0000,0.0000,-2.412,-2.049,0.335,0.054,0.184
586,807.50,2.000,-16.796,0.1644,3.0625,0.0000,0.0000,0.0000,0.0000,0.0000,0.0000,0.0000,0.0000,0.0000,0.0000,55.8202,0.0000,0.0000,42.3866,1.7932,0.0000,0.0000,0.0000,0.0000,-2.414,-2.052,0.336,0.054,0.184
587,807.00,2.000,-16.797,0.1646,3.0625,0.0000,0.0000,0.0000,0.0000,0.0000,0.0000,0.0000,0.0000,0.0000,0.0000,55.8202,0.0000,0.0000,42.3866,1.7932,0.0000,0.0000,0.0000,0.0000,-2.417,-2.054,0.336,0.054,0.184
588,806.50,2.000,-16.798,0.1648,3.0625,0.0000,0.0000,0.0000,0.0000,0.0000,0.0000,0.0000,0.0000,0.0000,0.0000,55.8202,0.0000,0.0000,42.3866,1.7932,0.0000,0.0000,0.0000,0.0000,-2.420,-2.057,0.336,0.054,0.184
589,806.00,2.000,-16.800,0.1650,3.0625,0.0000,0.0000,0.0000,0.0000,0.0000,0.0000,0.0000,0.0000,0.0000,0.0000,55.8202,0.0000,0.0000,42.3866,1.7932,0.0000,0.0000,0.0000,0.0000,-2.422,-2.059,0.336,0.054,0.185
590,805.50,2.000,-16.801,0.1652,3.0625,0.0000,0.0000,0.0000,0.0000,0.0000,0.0000,0.0000,0.0000,0.0000,0.0000,55.8202,0.0000,0.0000,42.3866,1.7932,0.0000,0.0000,0.0000,0.0000,-2.425,-2.061,0.337,0.054,0.185
591,805.00,2.000,-16.802,0.1653,3.0625,0.0000,0.0000,0.0000,0.0000,0.0000,0.0000,0.0000,0.0000,0.0000,0.0000,55.8202,0.0000,0.0000,42.3866,1.7932,0.0000,0.0000,0.0000,0.0000,-2.427,-2.064,0.337,0.054,0.185
592,804.50,2.000,-16.803,0.1655,3.0625,0.0000,0.0000,0.0000,0.0000,0.0000,0.0000,0.0000,0.0000,0.0000,0.0000,55.8202,0.0000,0.0000,42.3866,1.7932,0.0000,0.0000,0.0000,0.0000,-2.429,-2.066,0.337,0.054,0.185
593,804.00,2.000,-16.805,0.1657,3.0625,0.0000,0.0000,0.0000,0.0000,0.0000,0.0000,0.0000,0.0000,0.0000,0.0000,55.8202,0.0000,0.0000,42.3866,1.7932,0.0000,0.0000,0.0000,0.0000,-2.431,-2.068,0.337,0.054,0.185
594,803.50,2.000,-16.806,0.1658,3.0625,0.0000,0.0000,0.0000,0.0000,0.0000,0.0000,0.0000,0.0000,0.0000,0.0000,55.8202,0.0000,0.0000,42.3866,1.7932,0.0000,0.0000,0.0000,0.0000,-2.433,-2.070,0.338,0.054,0.185
595,803.00,2.000,-16.807,0.1660,3.0625,0.0000,0.0000,0.0000,0.0000,0.0000,0.0000,0.0000,0.0000,0.0000,0.0000,55.8202,0.0000,0.0000,42.3866,1.7932,0.0000,0.0000,0.0000,0.0000,-2.435,-2.072,0.338,0.054,0.186
596,802.50,2.000,-16.808,0.1661,3.0625,0.0000,0.0000,0.0000,0.0000,0.0000,0.0000,0.0000,0.0000,0.0000,0.0000,55.8202,0.0000,0.0000,42.3866,1.7932,0.0000,0.0000,0.0000,0.0000,-2.437,-2.074,0.338,0.054,0.186
597,802.00,2.000,-16.809,0.1662,3.0625,0.0000,0.0000,0.0000,0.0000,0.0000,0.0000,0.0000,0.0000,0.0000,0.0000,55.8202,0.0000,0.0000,42.3866,1.7932,0.0000,0.0000,0.0000,0.0000,-2.439,-2.076,0.338,0.054,0.186
598,801.50,2.000,-16.811,0.1664,3.0625,0.0000,0.0000,0.0000,0.0000,0.0000,0.0000,0.0000,0.0000,0.0000,0.0000,55.8202,0.0000,0.0000,42.3866,1.7932,0.0000,0.0000,0.0000,0.0000,-2.441,-2.077,0.338,0.054,0.186
599,801.00,2.000,-16.812,0.1665,3.0625,0.0000,0.0000,0.0000,0.0000,0.0000,0.0000,0.0000,0.0000,0.0000,0.0000,55.8202,0.0000,0.0000,42.3866,1.7932,0.0000,0.0000,0.0000,0.0000,-2.443,-2.079,0.339,0.054,0.186
600,800.50,2.000,-16.813,0.1666,3.0625,0.0000,0.0000,0.0000,0.0000,0.0000,0.0000,0.0000,0.0000,0.0000,0.0000,55.8202,0.0000,0.0000,42.3866,1.7932,0.0000,0.0000,0.0000,0.0000,-2.444,-2.080,0.339,0.054,0.186
601,800.00,2.000,-16.814,0.1667,3.0625,0.0000,0.0000,0.0000,0.0000,0.0000,0.0000,0.0000,0.0000,0.0000,0.0000,55.8202,0.0000,0.0000,42.3866,1.7932,0.0000,0.0000,0.0000,0.0000,-2.446,-2.082,0.339,0.054,0.186
602,799.50,2.000,-16.815,0.1668,3.0625,0.0000,0.0000,0.0000,0.0000,0.0000,0.0000,0.0000,0.0000,0.0000,0.0000,55.8202,0.0000,0.0000,42.3866,1.7932,0.0000,0.0000,0.0000,0.0000,-2.447,-2.083,0.339,0.054,0.186
603,799.00,2.000,-16.816,0.1669,3.0625,0.0000,0.0000,0.0000,0.0000,0.0000,0.0000,0.0000,0.0000,0.0000,0.0000,55.8202,0.0000,0.0000,42.3866,1.7932,0.0000,0.0000,0.0000,0.0000,-2.448,-2.085,0.339,0.055,0.187
604,798.50,2.000,-16.818,0.1670,3.0625,0.0000,0.0000,0.0000,0.0000,0.0000,0.0000,0.0000,0.0000,0.0000,0.0000,55.8202,0.0000,0.0000,42.3866,1.7932,0.0000,0.0000,0.0000,0.0000,-2.450,-2.086,0.339,0.055,0.187
605,798.00,2.000,-16.819,0.1671,3.0625,0.0000,0.0000,0.0000,0.0000,0.0000,0.0000,0.0000,0.0000,0.0000,0.0000,55.8202,0.0000,0.0000,42.3866,1.7932,0.0000,0.0000,0.0000,0.0000,-2.451,-2.087,0.339,0.055,0.187
606,797.50,2.000,-16.820,0.1672,3.0625,0.0000,0.0000,0.0000,0.0000,0.0000,0.0000,0.0000,0.0000,0.0000,0.0000,55.8202,0.0000,0.0000,42.3866,1.7932,0.0000,0.0000,0.0000,0.0000,-2.452,-2.088,0.339,0.055,0.187
607,797.00,2.000,-16.821,0.1673,3.0625,0.0000,0.0000,0.0000,0.0000,0.0000,0.0000,0.0000,0.0000,0.0000,0.0000,55.8202,0.0000,0.0000,42.3866,1.7932,0.0000,0.0000,0.0000,0.0000,-2.453,-2.090,0.340,0.055,0.187
608,796.50,2.000,-16.822,0.1674,3.0625,0.0000,0.0000,0.0000,0.0000,0.0000,0.0000,0.0000,0.0000,0.0000,0.0000,55.8202,0.0000,0.0000,42.3866,1.7932,0.0000,0.0000,0.0000,0.0000,-2.454,-2.091,0.340,0.055,0.187
609,796.00,2.000,-16.823,0.1674,3.0625,0.0000,0.0000,0.0000,0.0000,0.0000,0.0000,0.0000,0.0000,0.0000,0.0000,55.8202,0.0000,0.0000,42.3866,1.7932,0.0000,0.0000,0.0000,0.0000,-2.455,-2.092,0.340,0.055,0.187
610,795.50,2.000,-16.824,0.1675,3.0625,0.0000,0.0000,0.0000,0.0000,0.0000,0.0000,0.0000,0.0000,0.0000,0.0000,55.8202,0.0000,0.0000,42.3866,1.7932,0.0000,0.0000,0.0000,0.0000,-2.456,-2.092,0.340,0.055,0.187
611,795.00,2.000,-16.826,0.1676,3.0625,0.0000,0.0000,0.0000,0.0000,0.0000,0.0000,0.0000,0.0000,0.0000,0.0000,55.8202,0.0000,0.0000,42.3866,1.7932,0.0000,0.0000,0.0000,0.0000,-2.456,-2.093,0.340,0.055,0.187
612,794.50,2.000,-16.827,0.1676,3.0625,0.0000,0.0000,0.0000,0.0000,0.0000,0.0000,0.0000,0.0000,0.0000,0.0000,55.8202,0.0000,0.0000,42.3866,1.7932,0.0000,0.0000,0.0000,0.0000,-2.457,-2.094,0.340,0.055,0.187
613,794.00,2.000,-16.828,0.1677,3.0625,0.0000,0.0000,0.0000,0.0000,0.0000,0.0000,0.0000,0.0000,0.0000,0.0000,55.8202,0.0000,0.0000,42.3866,1.7932,0.0000,0.0000,0.0000,0.0000,-2.457,-2.095,0.340,0.055,0.187
614,793.50,2.000,-16.829,0.1677,3.0625,0.0000,0.0000,0.0000,0.0000,0.0000,0.0000,0.0000,0.0000,0.0000,0.0000,55.8202,0.0000,0.0000,42.3866,1.7932,0.0000,0.0000,0.0000,0.0000,-2.458,-2.095,0.340,0.055,0.187
615,793.00,2.000,-16.830,0.1678,3.0625,0.0000,0.0000,0.0000,0.0000,0.0000,0.0000,0.0000,0.0000,0.0000,0.0000,55.8202,0.0000,0.0000,42.3866,1.7932,0.0000,0.0000,0.0000,0.0000,-2.458,-2.096,0.340,0.055,0.187
616,792.50,2.000,-16.831,0.1678,3.0625,0.0000,0.0000,0.0000,0.0000,0.0000,0.0000,0.0000,0.0000,0.0000,0.0000,55.8202,0.0000,0.0000,42.3866,1.7932,0.0000,0.0000,0.0000,0.0000,-2.459,-2.096,0.340,0.055,0.187
617,792.00,2.000,-16.832,0.1678,3.0625,0.0000,0.0000,0.0000,0.0000,0.0000,0.0000,0.0000,0.0000,0.0000,0.0000,55.8202,0.0000,0.0000,42.3866,1.7932,0.0000,0.0000,0.0000,0.0000,-2.459,-2.097,0.340,0.055,0.187
618,791.50,2.000,-16.833,0.1678,3.0625,0.0000,0.0000,0.0000,0.0000,0.0000,0.0000,0.0000,0.0000,0.0000,0.0000,55.8202,0.0000,0.0000,42.3866,1.7932,0.0000,0.0000,0.0000,0.0000,-2.459,-2.097,0.340,0.055,0.187
619,791.00,2.000,-16.834,0.1679,3.0625,0.0000,0.0000,0.0000,0.0000,0.0000,0.0000,0.0000,0.0000,0.0000,0.0000,55.8202,0.0000,0.0000,42.3866,1.7932,0.0000,0.0000,0.0000,0.0000,-2.459,-2.098,0.340,0.055,0.187
620,790.50,2.000,-16.836,0.1679,3.0625,0.0000,0.0000,0.0000,0.0000,0.0000,0.0000,0.0000,0.0000,0.0000,0.0000,55.8202,0.0000,0.0000,42.3866,1.7932,0.0000,0.0000,0.0000,0.0000,-2.459,-2.098,0.340,0.055,0.187
621,790.00,2.000,-16.837,0.1679,3.0625,0.0000,0.0000,0.0000,0.0000,0.0000,0.0000,0.0000,0.0000,0.0000,0.0000,55.8202,0.0000,0.0000,42.3866,1.7932,0.0000,0.0000,0.0000,0.0000,-2.459,-2.098,0.339,0.055,0.187
622,789.50,2.000,-16.838,0.1679,3.0625,0.0000,0.0000,0.0000,0.0000,0.0000,0.0000,0.0000,0.0000,0.0000,0.0000,55.8202,0.0000,0.0000,42.3866,1.7932,0.0000,0.0000,0.0000,0.0000,-2.459,-2.098,0.339,0.055,0.187
623,789.00,2.000,-16.839,0.1679,3.0625,0.0000,0.0000,0.0000,0.0000,0.0000,0.0000,0.0000,0.0000,0.0000,0.0000,55.8202,0.0000,0.0000,42.3866,1.7932,0.0000,0.0000,0.0000,0.0000,-2.459,-2.098,0.339,0.055,0.187
624,788.50,2.000,-16.840,0.1679,3.0625,0.0000,0.0000,0.0000,0.0000,0.0000,0.0000,0.0000,0.0000,0.0000,0.0000,55.8202,0.0000,0.0000,42.3866,1.7932,0.0000,0.0000,0.0000,0.0000,-2.458,-2.098,0.339,0.055,0.187
625,788.00,2.000,-16.841,0.1678,3.0625,0.0000,0.0000,0.0000,0.0000,0.0000,0.0000,0.0000,0.0000,0.0000,0.0000,55.8202,0.0000,0.0000,42.3866,1.7932,0.0000,0.0000,0.0000,0.0000,-2.458,-2.098,0.339,0.055,0.187
626,787.50,2.000,-16.842,0.1678,3.0625,0.0000,0.0000,0.0000,0.0000,0.0000,0.0000,0.0000,0.0000,0.0000,0.0000,55.8202,0.0000,0.0000,42.3866,1.7932,0.0000,0.0000,0.0000,0.0000,-2.457,-2.098,0.339,0.055,0.187
627,787.00,2.000,-16.843,0.1678,3.0625,0.0000,0.0000,0.0000,0.0000,0.0000,0.0000,0.0000,0.0000,0.0000,0.0000,55.8202,0.0000,0.0000,42.3866,1.7932,0.0000,0.0000,0.0000,0.0000,-2.457,-2.098,0.339,0.055,0.187
628,786.50,2.000,-16.844,0.1678,3.0625,0.0000,0.0000,0.0000,0.0000,0.0000,0.0000,0.0000,0.0000,0.0000,0.0000,55.8202,0.0000,0.0000,42.3866,1.7932,0.0000,0.0000,0.0000,0.0000,-2.456,-2.097,0.339,0.055,0.187
629,786.00,2.000,-16.845,0.1677,3.0625,0.0000,0.0000,0.0000,0.0000,0.0000,0.0000,0.0000,0.0000,0.0000,0.0000,55.8202,0.0000,0.0000,42.3866,1.7932,0.0000,0.0000,0.0000,0.0000,-2.456,-2.097,0.339,0.055,0.187
630,785.50,2.000,-16.846,0.1677,3.0625,0.0000,0.0000,0.0000,0.0000,0.0000,0.0000,0.0000,0.0000,0.0000,0.0000,55.8202,0.0000,0.0000,42.3866,1.7932,0.0000,0.0000,0.0000,0.0000,-2.455,-2.097,0.338,0.055,0.187
631,785.00,2.000,-16.848,0.1677,3.0625,0.0000,0.0000,0.0000,0.0000,0.0000,0.0000,0.0000,0.0000,0.0000,0.0000,55.8202,0.0000,0.0000,42.3866,1.7932,0.0000,0.0000,0.0000,0.0000,-2.454,-2.096,0.338,0.055,0.187
632,784.50,2.000,-16.849,0.1676,3.0625,0.0000,0.0000,0.0000,0.0000,0.0000,0.0000,0.0000,0.0000,0.0000,0.0000,55.8202,0.0000,0.0000,42.3866,1.7932,0.0000,0.0000,0.0000,0.0000,-2.453,-2.096,0.338,0.055,0.187
633,784.00,2.000,-16.850,0.1675,3.0625,0.0000,0.0000,0.0000,0.0000,0.0000,0.0000,0.0000,0.0000,0.0000,0.0000,55.8202,0.0000,0.0000,42.3866,1.7932,0.0000,0.0000,0.0000,0.0000,-2.452,-2.095,0.338,0.055,0.187
634,783.50,2.000,-16.851,0.1675,3.0625,0.0000,0.0000,0.0000,0.0000,0.0000,0.0000,0.0000,0.0000,0.0000,0.0000,55.8202,0.0000,0.0000,42.3866,1.7932,0.0000,0.0000,0.0000,0.0000,-2.451,-2.094,0.338,0.055,0.187
635,783.00,2.000,-16.852,0.1674,3.0625,0.0000,0.0000,0.0000,0.0000,0.0000,0.0000,0.0000,0.0000,0.0000,0.0000,55.8202,0.0000,0.0000,42.3866,1.7932,0.0000,0.0000,0.0000,0.0000,-2.450,-2.094,0.337,0.055,0.187
636,782.50,2.000,-16.853,0.1674,3.0625,0.0000,0.0000,0.0000,0.0000,0.0000,0.0000,0.0000,0.0000,0.0000,0.0000,55.8202,0.0000,0.0000,42.3866,1.7932,0.0000,0.0000,0.0000,0.0000,-2.449,-2.093,0.337,0.055,0.186
637,782.00,2.000,-16.854,0.1673,3.0625,0.0000,0.0000,0.0000,0.0000,0.0000,0.0000,0.0000,0.0000,0.0000,0.0000,55.8202,0.0000,0.0000,42.3866,1.7932,0.0000,0.0000,0.0000,0.0000,-2.448,-2.092,0.337,0.055,0.186
638,781.50,2.000,-16.855,0.1672,3.0625,0.0000,0.0000,0.0000,0.0000,0.0000,0.0000,0.0000,0.0000,0.0000,0.0000,55.8202,0.0000,0.0000,42.3866,1.7932,0.0000,0.0000,0.0000,0.0000,-2.446,-2.091,0.337,0.055,0.186
639,781.00,2.000,-16.856,0.1671,3.0625,0.0000,0.0000,0.0000,0.0000,0.0000,0.0000,0.0000,0.0000,0.0000,0.0000,55.8202,0.0000,0.0000,42.3866,1.7932,0.0000,0.0000,0.0000,0.0000,-2.445,-2.090,0.336,0.055,0.186
640,780.50,2.000,-16.857,0.1670,3.0625,0.0000,0.0000,0.0000,0.0000,0.0000,0.0000,0.0000,0.0000,0.0000,0.0000,55.8202,0.0000,0.0000,42.3866,1.7932,0.0000,0.0000,0.0000,0.0000,-2.443,-2.089,0.336,0.055,0.186
641,780.00,2.000,-16.858,0.1669,3.0625,0.0000,0.0000,0.0000,0.0000,0.0000,0.0000,0.0000,0.0000,0.0000,0.0000,55.8202,0.0000,0.0000,42.3866,1.7932,0.0000,0.0000,0.0000,0.0000,-2.442,-2.088,0.336,0.055,0.186
642,779.50,2.000,-16.859,0.1668,3.0625,0.0000,0.0000,0.0000,0.0000,0.0000,0.0000,0.0000,0.0000,0.0000,0.0000,55.8202,0.0000,0.0000,42.3866,1.7932,0.0000,0.0000,0.0000,0.0000,-2.440,-2.087,0.336,0.054,0.186
643,779.00,2.000,-16.861,0.1667,3.0625,0.0000,0.0000,0.0000,0.0000,0.0000,0.0000,0.0000,0.0000,0.0000,0.0000,55.8202,0.0000,0.0000,42.3866,1.7932,0.0000,0.0000,0.0000,0.0000,-2.438,-2.086,0.335,0.054,0.186
644,778.50,2.000,-16.862,0.1666,3.0625,0.0000,0.0000,0.0000,0.0000,0.0000,0.0000,0.0000,0.0000,0.0000,0.0000,55.8202,0.0000,0.0000,42.3866,1.7932,0.0000,0.0000,0.0000,0.0000,-2.437,-2.084,0.335,0.054,0.186
645,778.00,2.000,-16.863,0.1665,3.0625,0.0000,0.0000,0.0000,0.0000,0.0000,0.0000,0.0000,0.0000,0.0000,0.0000,55.8202,0.0000,0.0000,42.3866,1.7932,0.0000,0.0000,0.0000,0.0000,-2.435,-2.083,0.335,0.054,0.185
646,777.50,2.000,-16.864,0.1664,3.0625,0.0000,0.0000,0.0000,0.0000,0.0000,0.0000,0.0000,0.0000,0.0000,0.0000,55.8202,0.0000,0.0000,42.3866,1.7932,0.0000,0.0000,0.0000,0.0000,-2.433,-2.082,0.334,0.054,0.185
647,777.00,2.000,-16.865,0.1663,3.0625,0.0000,0.0000,0.0000,0.0000,0.0000,0.0000,0.0000,0.0000,0.0000,0.0000,55.8202,0.0000,0.0000,42.3866,1.7932,0.0000,0.0000,0.0000,0.0000,-2.431,-2.080,0.334,0.054,0.185
648,776.50,2.000,-16.866,0.1661,3.0625,0.0000,0.0000,0.0000,0.0000,0.0000,0.0000,0.0000,0.0000,0.0000,0.0000,55.8202,0.0000,0.0000,42.3866,1.7932,0.0000,0.0000,0.0000,0.0000,-2.429,-2.079,0.334,0.054,0.185
649,776.00,2.000,-16.867,0.1660,3.0625,0.0000,0.0000,0.0000,0.0000,0.0000,0.0000,0.0000,0.0000,0.0000,0.0000,55.8202,0.0000,0.0000,42.3866,1.7932,0.0000,0.0000,0.0000,0.0000,-2.427,-2.077,0.333,0.054,0.185
650,775.50,2.000,-16.868,0.1659,3.0625,0.0000,0.0000,0.0000,0.0000,0.0000,0.0000,0.0000,0.0000,0.0000,0.0000,55.8202,0.0000,0.0000,42.3866,1.7932,0.0000,0.0000,0.0000,0.0000,-2.425,-2.076,0.333,0.054,0.185
651,775.00,2.000,-16.869,0.1657,3.0625,0.0000,0.0000,0.0000,0.0000,0.0000,0.0000,0.0000,0.0000,0.0000,0.0000,55.8202,0.0000,0.0000,42.3866,1.7932,0.0000,0.0000,0.0000,0.0000,-2.422,-2.074,0.333,0.054,0.184
652,774.50,2.000,-16.870,0.1656,3.0625,0.0000,0.0000,0.0000,0.0000,0.0000,0.0000,0.0000,0.0000,0.0000,0.0000,55.8202,0.0000,0.0000,42.3866,1.7932,0.0000,0.0000,0.0000,0.0000,-2.420,-2.072,0.332,0.054,0.184
653,774.00,2.000,-16.872,0.1654,3.0625,0.0000,0.0000,0.0000,0.0000,0.0000,0.0000,0.0000,0.0000,0.0000,0.0000,55.8202,0.0000,0.0000,42.3866,1.7932,0.0000,0.0000,0.0000,0.0000,-2.418,-2.070,0.332,0.054,0.184
654,773.50,2.000,-16.873,0.1653,3.0625,0.0000,0.0000,0.0000,0.0000,0.0000,0.0000,0.0000,0.0000,0.0000,0.0000,55.8202,0.0000,0.0000,42.3866,1.7932,0.0000,0.0000,0.0000,0.0000,-2.415,-2.068,0.331,0.054,0.184
655,773.00,2.000,-16.874,0.1651,3.0625,0.0000,0.0000,0.0000,0.0000,0.0000,0.0000,0.0000,0.0000,0.0000,0.0000,55.8202,0.0000,0.0000,42.3866,1.7932,0.0000,0.0000,0.0000,0.0000,-2.413,-2.066,0.331,0.054,0.184
656,772.50,2.000,-16.875,0.1649,3.0625,0.0000,0.0000,0.0000,0.0000,0.0000,0.0000,0.0000,0.0000,0.0000,0.0000,55.8202,0.0000,0.0000,42.3866,1.7932,0.0000,0.0000,0.0000,0.0000,-2.410,-2.064,0.330,0.054,0.183
657,772.00,2.000,-16.876,0.1647,3.0625,0.0000,0.0000,0.0000,0.0000,0.0000,0.0000,0.0000,0.0000,0.0000,0.0000,55.8202,0.0000,0.0000,42.3866,1.7932,0.0000,0.0000,0.0000,0.0000,-2.407,-2.062,0.330,0.054,0.183
658,771.50,2.000,-16.877,0.1646,3.0625,0.0000,0.0000,0.0000,0.0000,0.0000,0.0000,0.0000,0.0000,0.0000,0.0000,55.8202,0.0000,0.0000,42.3866,1.7932,0.0000,0.0000,0.0000,0.0000,-2.404,-2.060,0.330,0.054,0.183
659,771.00,2.000,-16.878,0.1644,3.0625,0.0000,0.0000,0.0000,0.0000,0.0000,0.0000,0.0000,0.0000,0.0000,0.0000,55.8202,0.0000,0.0000,42.3866,1.7932,0.0000,0.0000,0.0000,0.0000,-2.402,-2.058,0.329,0.054,0.183
660,770.50,2.000,-16.879,0.1642,3.0625,0.0000,0.0000,0.0000,0.0000,0.0000,0.0000,0.0000,0.0000,0.0000,0.0000,55.8202,0.0000,0.0000,42.3866,1.7932,0.0000,0.0000,0.0000,0.0000,-2.399,-2.056,0.329,0.054,0.183
661,770.00,2.000,-16.880,0.1640,3.0625,0.0000,0.0000,0.0000,0.0000,0.0000,0.0000,0.0000,0.0000,0.0000,0.0000,55.8202,0.0000,0.0000,42.3866,1.7932,0.0000,0.0000,0.0000,0.0000,-2.396,-2.053,0.328,0.054,0.182
662,769.50,2.000,-16.882,0.1638,3.0625,0.0000,0.0000,0.0000,0.0000,0.0000,0.0000,0.0000,0.0000,0.0000,0.0000,55.8202,0.0000,0.0000,42.3866,1.7932,0.0000,0.0000,0.0000,0.0000,-2.393,-2.051,0.328,0.053,0.182
663,769.00,2.000,-16.883,0.1636,3.0625,0.0000,0.0000,0.0000,0.0000,0.0000,0.0000,0.0000,0.0000,0.0000,0.0000,55.8202,0.0000,0.0000,42.3866,1.7932,0.0000,0.0000,0.0000,0.0000,-2.389,-2.048,0.327,0.053,0.182
664,768.50,2.000,-16.884,0.1634,3.0625,0.0000,0.0000,0.0000,0.0000,0.0000,0.0000,0.0000,0.0000,0.0000,0.0000,55.8202,0.0000,0.0000,42.3866,1.7932,0.0000,0.0000,0.0000,0.0000,-2.386,-2.046,0.327,0.053,0.182
665,768.00,2.000,-16.885,0.1632,3.0625,0.0000,0.0000,0.0000,0.0000,0.0000,0.0000,0.0000,0.0000,0.0000,0.0000,55.8202,0.0000,0.0000,42.3866,1.7932,0.0000,0.0000,0.0000,0.0000,-2.383,-2.043,0.326,0.053,0.181
666,767.50,2.000,-16.886,0.1630,3.0625,0.0000,0.0000,0.0000,0.0000,0.0000,0.0000,0.0000,0.0000,0.0000,0.0000,55.8202,0.0000,0.0000,42.3866,1.7932,0.0000,0.0000,0.0000,0.0000,-2.380,-2.041,0.326,0.053,0.181
667,767.00,2.000,-16.887,0.1627,3.0625,0.0000,0.0000,0.0000,0.0000,0.0000,0.0000,0.0000,0.0000,0.0000,0.0000,55.8202,0.0000,0.0000,42.3866,1.7932,0.0000,0.0000,0.0000,0.0000,-2.376,-2.038,0.325,0.053,0.181
668,766.50,2.000,-16.888,0.1625,3.0625,0.0000,0.0000,0.0000,0.0000,0.0000,0.0000,0.0000,0.0000,0.0000,0.0000,55.8202,0.0000,0.0000,42.3866,1.7932,0.0000,0.0000,0.0000,0.0000,-2.373,-2.035,0.325,0.053,0.181
669,766.00,2.000,-16.890,0.1623,3.0625,0.0000,0.0000,0.0000,0.0000,0.0000,0.0000,0.0000,0.0000,0.0000,0.0000,55.8202,0.0000,0.0000,42.3866,1.7932,0.0000,0.0000,0.0000,0.0000,-2.369,-2.032,0.324,0.053,0.180
670,765.50,2.000,-16.891,0.1620,3.0625,0.0000,0.0000,0.0000,0.0000,0.0000,0.0000,0.0000,0.0000,0.0000,0.0000,55.8202,0.0000,0.0000,42.3866,1.7932,0.0000,0.0000,0.0000,0.0000,-2.366,-2.030,0.323,0.053,0.180
671,765.00,2.000,-16.892,0.1618,3.0625,0.0000,0.0000,0.0000,0.0000,0.0000,0.0000,0.0000,0.0000,0.0000,0.0000,55.8202,0.0000,0.0000,42.3866,1.7932,0.0000,0.0000,0.0000,0.0000,-2.362,-2.027,0.323,0.053,0.180
672,764.50,2.000,-16.893,0.1615,3.0625,0.0000,0.0000,0.0000,0.0000,0.0000,0.0000,0.0000,0.0000,0.0000,0.0000,55.8202,0.0000,0.0000,42.3866,1.7932,0.0000,0.0000,0.0000,0.0000,-2.358,-2.024,0.322,0.053,0.179
673,764.00,2.000,-16.894,0.1613,3.0625,0.0000,0.0000,0.0000,0.0000,0.0000,0.0000,0.0000,0.0000,0.0000,0.0000,55.8202,0.0000,0.0000,42.3866,1.7932,0.0000,0.0000,0.0000,0.0000,-2.354,-2.021,0.322,0.053,0.179
674,763.50,2.000,-16.895,0.1610,3.0625,0.0000,0.0000,0.0000,0.0000,0.0000,0.0000,0.0000,0.0000,0.0000,0.0000,55.8202,0.0000,0.0000,42.3866,1.7932,0.0000,0.0000,0.0000,0.0000,-2.350,-2.017,0.321,0.053,0.179
675,763.00,2.000,-16.897,0.1608,3.0625,0.0000,0.0000,0.0000,0.0000,0.0000,0.0000,0.0000,0.0000,0.0000,0.0000,55.8202,0.0000,0.0000,42.3866,1.7932,0.0000,0.0000,0.0000,0.0000,-2.346,-2.014,0.321,0.052,0.179
676,762.50,2.000,-16.898,0.1605,3.0625,0.0000,0.0000,0.0000,0.0000,0.0000,0.0000,0.0000,0.0000,0.0000,0.0000,55.8202,0.0000,0.0000,42.3866,1.7932,0.0000,0.0000,0.0000,0.0000,-2.342,-2.011,0.320,0.052,0.178
677,762.00,2.000,-16.899,0.1602,3.0625,0.0000,0.0000,0.0000,0.0000,0.0000,0.0000,0.0000,0.0000,0.0000,0.0000,55.8202,0.0000,0.0000,42.3866,1.7932,0.0000,0.0000,0.0000,0.0000,-2.338,-2.008,0.319,0.052,0.178
678,761.50,2.000,-16.900,0.1600,3.0625,0.0000,0.0000,0.0000,0.0000,0.0000,0.0000,0.0000,0.0000,0.0000,0.0000,55.8202,0.0000,0.0000,42.3866,1.7932,0.0000,0.0000,0.0000,0.0000,-2.334,-2.004,0.319,0.052,0.178
679,761.00,2.000,-16.901,0.1597,3.0625,0.0000,0.0000,0.0000,0.0000,0.0000,0.0000,0.0000,0.0000,0.0000,0.0000,55.8202,0.0000,0.0000,42.3866,1.7932,0.0000,0.0000,0.0000,0.0000,-2.330,-2.001,0.318,0.052,0.177
680,760.50,2.000,-16.902,0.1594,3.0625,0.0000,0.0000,0.0000,0.0000,0.0000,0.0000,0.0000,0.0000,0.0000,0.0000,55.8202,0.0000,0.0000,42.3866,1.7932,0.0000,0.0000,0.0000,0.0000,-2.325,-1.997,0.317,0.052,0.177
681,760.00,2.000,-16.904,0.1591,3.0625,0.0000,0.0000,0.0000,0.0000,0.0000,0.0000,0.0000,0.0000,0.0000,0.0000,55.8202,0.0000,0.0000,42.3866,1.7932,0.0000,0.0000,0.0000,0.0000,-2.321,-1.994,0.317,0.052,0.177
682,759.50,2.000,-16.905,0.1588,3.0625,0.0000,0.0000,0.0000,0.0000,0.0000,0.0000,0.0000,0.0000,0.0000,0.0000,55.8202,0.0000,0.0000,42.3866,1.7932,0.0000,0.0000,0.0000,0.0000,-2.316,-1.990,0.316,0.052,0.176
683,759.00,2.000,-16.906,0.1585,3.0625,0.0000,0.0000,0.0000,0.0000,0.0000,0.0000,0.0000,0.0000,0.0000,0.0000,55.8202,0.0000,0.0000,42.3866,1.7932,0.0000,0.0000,0.0000,0.0000,-2.312,-1.986,0.315,0.052,0.176
684,758.50,2.000,-16.907,0.1582,3.0625,0.0000,0.0000,0.0000,0.0000,0.0000,0.0000,0.0000,0.0000,0.0000,0.0000,55.8202,0.0000,0.0000,42.3866,1.7932,0.0000,0.0000,0.0000,0.0000,-2.307,-1.983,0.315,0.052,0.176
685,758.00,2.000,-16.909,0.1579,3.0625,0.0000,0.0000,0.0000,0.0000,0.0000,0.0000,0.0000,0.0000,0.0000,0.0000,55.8202,0.0000,0.0000,42.3866,1.7932,0.0000,0.0000,0.0000,0.0000,-2.302,-1.979,0.314,0.052,0.175
686,757.50,2.000,-16.910,0.1576,3.0625,0.0000,0.0000,0.0000,0.0000,0.0000,0.0000,0.0000,0.0000,0.0000,0.0000,55.8202,0.0000,0.0000,42.3866,1.7932,0.0000,0.0000,0.0000,0.0000,-2.298,-1.975,0.313,0.051,0.175
687,757.00,2.000,-16.911,0.1572,3.0625,0.0000,0.0000,0.0000,0.0000,0.0000,0.0000,0.0000,0.0000,0.0000,0.0000,55.8202,0.0000,0.0000,42.3866,1.7932,0.0000,0.0000,0.0000,0.0000,-2.293,-1.971,0.312,0.051,0.174
688,756.50,2.000,-16.912,0.1569,3.0625,0.0000,0.0000,0.0000,0.0000,0.0000,0.0000,0.0000,0.0000,0.0000,0.0000,55.8202,0.0000,0.0000,42.3866,1.7932,0.0000,0.0000,0.0000,0.0000,-2.288,-1.967,0.312,0.051,0.174
689,756.00,2.000,-16.913,0.1566,3.0625,0.0000,0.0000,0.0000,0.0000,0.0000,0.0000,0.0000,0.0000,0.0000,0.0000,55.8202,0.0000,0.0000,42.3866,1.7932,0.0000,0.0000,0.0000,0.0000,-2.283,-1.963,0.311,0.051,0.174
690,755.50,2.000,-16.915,0.1562,3.0625,0.0000,0.0000,0.0000,0.0000,0.0000,0.0000,0.0000,0.0000,0.0000,0.0000,55.8202,0.0000,0.0000,42.3866,1.7932,0.0000,0.0000,0.0000,0.0000,-2.278,-1.959,0.310,0.051,0.173
691,755.00,2.000,-16.916,0.1559,3.0625,0.0000,0.0000,0.0000,0.0000,0.0000,0.0000,0.0000,0.0000,0.0000,0.0000,55.8202,0.0000,0.0000,42.3866,1.7932,0.0000,0.0000,0.0000,0.0000,-2.273,-1.954,0.309,0.051,0.173
692,754.50,2.000,-16.917,0.1555,3.0625,0.0000,0.0000,0.0000,0.0000,0.0000,0.0000,0.0000,0.0000,0.0000,0.0000,55.8202,0.0000,0.0000,42.3866,1.7932,0.0000,0.0000,0.0000,0.0000,-2.267,-1.950,0.309,0.051,0.172
693,754.00,2.000,-16