Index,T (C),P (kbars),log(10) f O2,mass (gm),rho (gm/cc),wt% SiO2,wt% TiO2,wt% Al2O3,wt% Fe2O3,wt% Cr2O3,wt% FeO,wt% MnO,wt% MgO,wt% NiO,wt% CoO,wt% CaO,wt% Na2O,wt% K2O,wt% P2O5,wt% H2O,wt% CO2,wt% SO3,wt% Cl2O-1,wt% F2O-1,G (kJ),H (kJ),S (J/K),V (cc),Cp (J/K),       annite,   phlogopite
493,854.00,2.000,-16.479,0.0152,2.7291,42.9908,0.0000,12.1590,0.0000,0.0000,1.0967,0.0000,28.2229,0.0000,0.0000,0.0000,0.0000,11.2339,0.0000,4.2967,0.0000,0.0000,0.0000,0.0000,-0.248,-0.209,0.035,0.006,0.019,0.021334,0.978666
494,853.50,2.000,-16.485,0.0384,2.7292,42.9901,0.0000,12.1588,0.0000,0.0000,1.1003,0.0000,28.2204,0.0000,0.0000,0.0000,0.0000,11.2337,0.0000,4.2966,0.0000,0.0000,0.0000,0.0000,-0.625,-0.527,0.087,0.014,0.049,0.021405,0.978595
495,853.00,2.000,-16.491,0.0613,2.7293,42.9894,0.0000,12.1586,0.0000,0.0000,1.1039,0.0000,28.2179,0.0000,0.0000,0.0000,0.0000,11.2335,0.0000,4.2965,0.0000,0.0000,0.0000,0.0000,-0.998,-0.841,0.139,0.022,0.078,0.021475,0.978525
496,852.50,2.000,-16.497,0.0840,2.7294,42.9888,0.0000,12.1584,0.0000,0.0000,1.1074,0.0000,28.2155,0.0000,0.0000,0.0000,0.0000,11.2334,0.0000,4.2965,0.0000,0.0000,0.0000,0.0000,-1.368,-1.153,0.191,0.031,0.107,0.021544,0.978456
497,852.00,2.000,-16.503,0.1064,2.7294,42.9881,0.0000,12.1583,0.0000,0.0000,1.1109,0.0000,28.2131,0.0000,0.0000,0.0000,0.0000,11.2332,0.0000,4.2964,0.0000,0.0000,0.0000,0.0000,-1.734,-1.462,0.242,0.039,0.136,0.021612,0.978388
498,851.50,2.000,-16.509,0.1287,2.7295,42.9875,0.0000,12.1581,0.0000,0.0000,1.1144,0.0000,28.2107,0.0000,0.0000,0.0000,0.0000,11.2330,0.0000,4.2963,0.0000,0.0000,0.0000,0.0000,-2.096,-1.767,0.292,0.047,0.164,0.021680,0.978320
499,851.00,2.000,-16.515,0.1507,2.7296,42.9868,0.0000,12.1579,0.0000,0.0000,1.1178,0.0000,28.2084,0.0000,0.0000,0.0000,0.0000,11.2328,0.0000,4.2963,0.0000,0.0000,0.0000,0.0000,-2.454,-2.070,0.342,0.055,0.192,0.021746,0.978254
500,850.50,2.000,-16.521,0.1725,2.7297,42.9862,0.0000,12.1577,0.0000,0.0000,1.1212,0.0000,28.2061,0.0000,0.0000,0.0000,0.0000,11.2327,0.0000,4.2962,0.0000,0.0000,0.0000,0.0000,-2.810,-2.369,0.392,0.063,0.220,0.021812,0.978188
501,850.00,2.000,-16.527,0.1942,2.7298,42.9855,0.0000,12.1575,0.0000,0.0000,1.1245,0.0000,28.2038,0.0000,0.0000,0.0000,0.0000,11.2325,0.0000,4.2961,0.0000,0.0000,0.0000,0.0000,-3.161,-2.666,0.441,0.071,0.247,0.021877,0.978123
502,849.50,2.000,-16.532,0.2156,2.7299,42.9849,0.0000,12.1574,0.0000,0.0000,1.1278,0.0000,28.2015,0.0000,0.0000,0.0000,0.0000,11.2323,0.0000,4.2961,0.0000,0.0000,0.0000,0.0000,-3.510,-2.961,0.489,0.079,0.275,0.021942,0.978058
503,849.00,2.000,-16.538,0.2368,2.7299,42.9843,0.0000,12.1572,0.0000,0.0000,1.1311,0.0000,28.1993,0.0000,0.0000,0.0000,0.0000,11.2322,0.0000,4.2960,0.0000,0.0000,0.0000,0.0000,-3.855,-3.252,0.537,0.087,0.302,0.022006,0.977994
504,848.50,2.000,-16.543,0.2578,2.7300,42.9837,0.0000,12.1570,0.0000,0.0000,1.1343,0.0000,28.1970,0.0000,0.0000,0.0000,0.0000,11.2320,0.0000,4.2960,0.0000,0.0000,0.0000,0.0000,-4.197,-3.541,0.585,0.094,0.328,0.022069,0.977931
505,848.00,2.000,-16.548,0.2787,2.7301,42.9831,0.0000,12.1568,0.0000,0.0000,1.1375,0.0000,28.1948,0.0000,0.0000,0.0000,0.0000,11.2319,0.0000,4.2959,0.0000,0.0000,0.0000,0.0000,-4.536,-3.828,0.632,0.102,0.355,0.022131,0.977869
506,847.50,2.000,-16.554,0.2994,2.7302,42.9825,0.0000,12.1567,0.0000,0.0000,1.1406,0.0000,28.1927,0.0000,0.0000,0.0000,0.0000,11.2317,0.0000,4.2958,0.0000,0.0000,0.0000,0.0000,-4.872,-4.112,0.679,0.110,0.381,0.022193,0.977807
507,847.00,2.000,-16.559,0.3199,2.7303,42.9819,0.0000,12.1565,0.0000,0.0000,1.1437,0.0000,28.1905,0.0000,0.0000,0.0000,0.0000,11.2316,0.0000,4.2958,0.0000,0.0000,0.0000,0.0000,-5.206,-4.393,0.725,0.117,0.407,0.022254,0.977746
508,846.50,2.000,-16.564,0.3402,2.7303,42.9813,0.0000,12.1563,0.0000,0.0000,1.1468,0.0000,28.1884,0.0000,0.0000,0.0000,0.0000,11.2314,0.0000,4.2957,0.0000,0.0000,0.0000,0.0000,-5.536,-4.673,0.771,0.125,0.433,0.022314,0.977686
509,846.00,2.000,-16.569,0.3603,2.7304,42.9807,0.0000,12.1562,0.0000,0.0000,1.1499,0.0000,28.1863,0.0000,0.0000,0.0000,0.0000,11.2313,0.0000,4.2957,0.0000,0.0000,0.0000,0.0000,-5.863,-4.950,0.816,0.132,0.459,0.022373,0.977627
510,845.50,2.000,-16.574,0.3803,2.7305,42.9802,0.0000,12.1560,0.0000,0.0000,1.1529,0.0000,28.1842,0.0000,0.0000,0.0000,0.0000,11.2311,0.0000,4.2956,0.0000,0.0000,0.0000,0.0000,-6.188,-5.224,0.861,0.139,0.484,0.022432,0.977568
511,845.00,2.000,-16.579,0.4002,2.7306,42.9796,0.0000,12.1558,0.0000,0.0000,1.1559,0.0000,28.1822,0.0000,0.0000,0.0000,0.0000,11.2310,0.0000,4.2956,0.0000,0.0000,0.0000,0.0000,-6.510,-5.497,0.906,0.147,0.509,0.022490,0.977510
512,844.50,2.000,-16.583,0.4198,2.7306,42.9790,0.0000,12.1557,0.0000,0.0000,1.1588,0.0000,28.1802,0.0000,0.0000,0.0000,0.0000,11.2308,0.0000,4.2955,0.0000,0.0000,0.0000,0.0000,-6.829,-5.767,0.950,0.154,0.534,0.022548,0.977452
513,844.00,2.000,-16.588,0.4393,2.7307,42.9785,0.0000,12.1555,0.0000,0.0000,1.1617,0.0000,28.1782,0.0000,0.0000,0.0000,0.0000,11.2307,0.0000,4.2954,0.0000,0.0000,0.0000,0.0000,-7.146,-6.035,0.994,0.161,0.559,0.022605,0.977395
514,843.50,2.000,-16.593,0.4587,2.7308,42.9779,0.0000,12.1554,0.0000,0.0000,1.1646,0.0000,28.1762,0.0000,0.0000,0.0000,0.0000,11.2305,0.0000,4.2954,0.0000,0.0000,0.0000,0.0000,-7.460,-6.301,1.038,0.168,0.584,0.022661,0.977339
515,843.00,2.000,-16.597,0.4779,2.7309,42.9774,0.0000,12.1552,0.0000,0.0000,1.1674,0.0000,28.1742,0.0000,0.0000,0.0000,0.0000,11.2304,0.0000,4.2953,0.0000,0.0000,0.0000,0.0000,-7.772,-6.565,1.081,0.175,0.608,0.022717,0.977283
516,842.50,2.000,-16.602,0.4970,2.7309,42.9769,0.0000,12.1551,0.0000,0.0000,1.1702,0.0000,28.1723,0.0000,0.0000,0.0000,0.0000,11.2302,0.0000,4.2953,0.0000,0.0000,0.0000,0.0000,-8.081,-6.828,1.124,0.182,0.632,0.022772,0.977228
517,842.00,2.000,-16.606,0.5159,2.7310,42.9763,0.0000,12.1549,0.0000,0.0000,1.1730,0.0000,28.1704,0.0000,0.0000,0.0000,0.0000,11.2301,0.0000,4.2952,0.0000,0.0000,0.0000,0.0000,-8.388,-7.088,1.166,0.189,0.656,0.022826,0.977174
518,841.50,2.000,-16.610,0.5347,2.7311,42.9758,0.0000,12.1548,0.0000,0.0000,1.1757,0.0000,28.1685,0.0000,0.0000,0.0000,0.0000,11.2300,0.0000,4.2952,0.0000,0.0000,0.0000,0.0000,-8.693,-7.346,1.208,0.196,0.680,0.022880,0.977120
519,841.00,2.000,-16.615,0.5534,2.7312,42.9753,0.0000,12.1546,0.0000,0.0000,1.1785,0.0000,28.1666,0.0000,0.0000,0.0000,0.0000,11.2298,0.0000,4.2951,0.0000,0.0000,0.0000,0.0000,-8.996,-7.603,1.250,0.203,0.704,0.022933,0.977067
520,840.50,2.000,-16.619,0.5719,2.7312,42.9748,0.0000,12.1545,0.0000,0.0000,1.1811,0.0000,28.1648,0.0000,0.0000,0.0000,0.0000,11.2297,0.0000,4.2951,0.0000,0.0000,0.0000,0.0000,-9.296,-7.857,1.292,0.209,0.728,0.022985,0.977015
521,840.00,2.000,-16.623,0.5903,2.7313,42.9743,0.0000,12.1544,0.0000,0.0000,1.1838,0.0000,28.1630,0.0000,0.0000,0.0000,0.0000,11.2296,0.0000,4.2950,0.0000,0.0000,0.0000,0.0000,-9.594,-8.110,1.333,0.216,0.751,0.023037,0.976963
522,839.50,2.000,-16.627,0.6085,2.7314,42.9738,0.0000,12.1542,0.0000,0.0000,1.1864,0.0000,28.1612,0.0000,0.0000,0.0000,0.0000,11.2294,0.0000,4.2950,0.0000,0.0000,0.0000,0.0000,-9.890,-8.361,1.374,0.223,0.774,0.023088,0.976912
523,839.00,2.000,-16.631,0.6267,2.7315,42.9733,0.0000,12.1541,0.0000,0.0000,1.1890,0.0000,28.1594,0.0000,0.0000,0.0000,0.0000,11.2293,0.0000,4.2949,0.0000,0.0000,0.0000,0.0000,-10.184,-8.611,1.415,0.229,0.797,0.023139,0.976861
524,838.50,2.000,-16.635,0.6447,2.7315,42.9728,0.0000,12.1539,0.0000,0.0000,1.1916,0.0000,28.1576,0.0000,0.0000,0.0000,0.0000,11.2292,0.0000,4.2949,0.0000,0.0000,0.0000,0.0000,-10.476,-8.859,1.455,0.236,0.820,0.023189,0.976811
525,838.00,2.000,-16.639,0.6626,2.7316,42.9723,0.0000,12.1538,0.0000,0.0000,1.1941,0.0000,28.1559,0.0000,0.0000,0.0000,0.0000,11.2291,0.0000,4.2948,0.0000,0.0000,0.0000,0.0000,-10.766,-9.105,1.495,0.243,0.843,0.023238,0.976762
526,837.50,2.000,-16.643,0.6804,2.7317,42.9719,0.0000,12.1537,0.0000,0.0000,1.1966,0.0000,28.1542,0.0000,0.0000,0.0000,0.0000,11.2289,0.0000,4.2948,0.0000,0.0000,0.0000,0.0000,-11.054,-9.349,1.535,0.249,0.865,0.023287,0.976713
527,837.00,2.000,-16.647,0.6980,2.7317,42.9714,0.0000,12.1535,0.0000,0.0000,1.1991,0.0000,28.1525,0.0000,0.0000,0.0000,0.0000,11.2288,0.0000,4.2947,0.0000,0.0000,0.0000,0.0000,-11.340,-9.592,1.574,0.256,0.888,0.023336,0.976664
528,836.50,2.000,-16.651,0.7156,2.7318,42.9709,0.0000,12.1534,0.0000,0.0000,1.2015,0.0000,28.1508,0.0000,0.0000,0.0000,0.0000,11.2287,0.0000,4.2947,0.0000,0.0000,0.0000,0.0000,-11.624,-9.834,1.613,0.262,0.910,0.023383,0.976617
529,836.00,2.000,-16.654,0.7330,2.7319,42.9705,0.0000,12.1533,0.0000,0.0000,1.2039,0.0000,28.1491,0.0000,0.0000,0.0000,0.0000,11.2286,0.0000,4.2946,0.0000,0.0000,0.0000,0.0000,-11.906,-10.074,1.652,0.268,0.932,0.023431,0.976569
530,835.50,2.000,-16.658,0.7504,2.7320,42.9700,0.0000,12.1531,0.0000,0.0000,1.2063,0.0000,28.1475,0.0000,0.0000,0.0000,0.0000,11.2285,0.0000,4.2946,0.0000,0.0000,0.0000,0.0000,-12.187,-10.312,1.691,0.275,0.954,0.023477,0.976523
531,835.00,2.000,-16.661,0.7676,2.7320,42.9696,0.0000,12.1530,0.0000,0.0000,1.2087,0.0000,28.1459,0.0000,0.0000,0.0000,0.0000,11.2283,0.0000,4.2946,0.0000,0.0000,0.0000,0.0000,-12.466,-10.550,1.729,0.281,0.976,0.023523,0.976477
532,834.50,2.000,-16.665,0.7848,2.7321,42.9691,0.0000,12.1529,0.0000,0.0000,1.2110,0.0000,28.1442,0.0000,0.0000,0.0000,0.0000,11.2282,0.0000,4.2945,0.0000,0.0000,0.0000,0.0000,-12.743,-10.785,1.767,0.287,0.998,0.023569,0.976431
533,834.00,2.000,-16.669,0.8018,2.7322,42.9687,0.0000,12.1528,0.0000,0.0000,1.2133,0.0000,28.1427,0.0000,0.0000,0.0000,0.0000,11.2281,0.0000,4.2945,0.0000,0.0000,0.0000,0.0000,-13.018,-11.020,1.805,0.293,1.019,0.023614,0.976386
534,833.50,2.000,-16.672,0.8187,2.7322,42.9683,0.0000,12.1526,0.0000,0.0000,1.2156,0.0000,28.1411,0.0000,0.0000,0.0000,0.0000,11.2280,0.0000,4.2944,0.0000,0.0000,0.0000,0.0000,-13.292,-11.253,1.843,0.300,1.041,0.023659,0.976341
535,833.00,2.000,-16.675,0.8355,2.7323,42.9678,0.0000,12.1525,0.0000,0.0000,1.2178,0.0000,28.1395,0.0000,0.0000,0.0000,0.0000,11.2279,0.0000,4.2944,0.0000,0.0000,0.0000,0.0000,-13.564,-11.484,1.880,0.306,1.062,0.023703,0.976297
536,832.50,2.000,-16.679,0.8523,2.7324,42.9674,0.0000,12.1524,0.0000,0.0000,1.2200,0.0000,28.1380,0.0000,0.0000,0.0000,0.0000,11.2278,0.0000,4.2943,0.0000,0.0000,0.0000,0.0000,-13.835,-11.715,1.917,0.312,1.083,0.023746,0.976254
537,832.00,2.000,-16.682,0.8689,2.7325,42.9670,0.0000,12.1523,0.0000,0.0000,1.2222,0.0000,28.1365,0.0000,0.0000,0.0000,0.0000,11.2277,0.0000,4.2943,0.0000,0.0000,0.0000,0.0000,-14.104,-11.944,1.954,0.318,1.104,0.023789,0.976211
538,831.50,2.000,-16.685,0.8855,2.7325,42.9666,0.0000,12.1522,0.0000,0.0000,1.2244,0.0000,28.1350,0.0000,0.0000,0.0000,0.0000,11.2276,0.0000,4.2943,0.0000,0.0000,0.0000,0.0000,-14.371,-12.172,1.991,0.324,1.125,0.023832,0.976168
539,831.00,2.000,-16.688,0.9020,2.7326,42.9662,0.0000,12.1521,0.0000,0.0000,1.2266,0.0000,28.1335,0.0000,0.0000,0.0000,0.0000,11.2274,0.0000,4.2942,0.0000,0.0000,0.0000,0.0000,-14.637,-12.398,2.028,0.330,1.146,0.023874,0.976126
540,830.50,2.000,-16.692,0.9183,2.7327,42.9658,0.0000,12.1519,0.0000,0.0000,1.2287,0.0000,28.1321,0.0000,0.0000,0.0000,0.0000,11.2273,0.0000,4.2942,0.0000,0.0000,0.0000,0.0000,-14.902,-12.624,2.064,0.336,1.167,0.023915,0.976085
541,830.00,2.000,-16.695,0.9346,2.7327,42.9654,0.0000,12.1518,0.0000,0.0000,1.2308,0.0000,28.1306,0.0000,0.0000,0.0000,0.0000,11.2272,0.0000,4.2941,0.0000,0.0000,0.0000,0.0000,-15.165,-12.848,2.100,0.342,1.188,0.023956,0.976044
542,829.50,2.000,-16.698,0.9508,2.7328,42.9650,0.0000,12.1517,0.0000,0.0000,1.2329,0.0000,28.1292,0.0000,0.0000,0.0000,0.0000,11.2271,0.0000,4.2941,0.0000,0.0000,0.0000,0.0000,-15.426,-13.071,2.136,0.348,1.208,0.023997,0.976003
543,829.00,2.000,-16.701,0.9669,2.7329,42.9646,0.0000,12.1516,0.0000,0.0000,1.2349,0.0000,28.1278,0.0000,0.0000,0.0000,0.0000,11.2270,0.0000,4.2941,0.0000,0.0000,0.0000,0.0000,-15.687,-13.294,2.171,0.354,1.228,0.024037,0.975963
544,828.50,2.000,-16.704,0.9830,2.7329,42.9642,0.0000,12.1515,0.0000,0.0000,1.2369,0.0000,28.1264,0.0000,0.0000,0.0000,0.0000,11.2269,0.0000,4.2940,0.0000,0.0000,0.0000,0.0000,-15.946,-13.514,2.207,0.360,1.249,0.024076,0.975924
545,828.00,2.000,-16.707,0.9990,2.7330,42.9638,0.0000,12.1514,0.0000,0.0000,1.2389,0.0000,28.1250,0.0000,0.0000,0.0000,0.0000,11.2268,0.0000,4.2940,0.0000,0.0000,0.0000,0.0000,-16.203,-13.734,2.242,0.366,1.269,0.024115,0.975885
546,827.50,2.000,-16.710,1.0148,2.7331,42.9635,0.0000,12.1513,0.0000,0.0000,1.2409,0.0000,28.1237,0.0000,0.0000,0.0000,0.0000,11.2267,0.0000,4.2939,0.0000,0.0000,0.0000,0.0000,-16.459,-13.953,2.277,0.371,1.289,0.024154,0.975846
547,827.00,2.000,-16.713,1.0306,2.7331,42.9631,0.0000,12.1512,0.0000,0.0000,1.2428,0.0000,28.1223,0.0000,0.0000,0.0000,0.0000,11.2266,0.0000,4.2939,0.0000,0.0000,0.0000,0.0000,-16.714,-14.171,2.312,0.377,1.309,0.024192,0.975808
548,826.50,2.000,-16.715,1.0464,2.7332,42.9627,0.0000,12.1511,0.0000,0.0000,1.2448,0.0000,28.1210,0.0000,0.0000,0.0000,0.0000,11.2265,0.0000,4.2939,0.0000,0.0000,0.0000,0.0000,-16.968,-14.388,2.347,0.383,1.329,0.024230,0.975770
549,826.00,2.000,-16.718,1.0620,2.7333,42.9624,0.0000,12.1510,0.0000,0.0000,1.2467,0.0000,28.1197,0.0000,0.0000,0.0000,0.0000,11.2265,0.0000,4.2938,0.0000,0.0000,0.0000,0.0000,-17.221,-14.603,2.381,0.389,1.349,0.024267,0.975733
550,825.50,2.000,-16.721,1.0776,2.7333,42.9620,0.0000,12.1509,0.0000,0.0000,1.2486,0.0000,28.1184,0.0000,0.0000,0.0000,0.0000,11.2264,0.0000,4.2938,0.0000,0.0000,0.0000,0.0000,-17.472,-14.818,2.415,0.394,1.369,0.024304,0.975696
551,825.00,2.000,-16.724,1.0931,2.7334,42.9617,0.0000,12.1508,0.0000,0.0000,1.2504,0.0000,28.1171,0.0000,0.0000,0.0000,0.0000,11.2263,0.0000,4.2938,0.0000,0.0000,0.0000,0.0000,-17.722,-15.032,2.450,0.400,1.388,0.024341,0.975659
552,824.50,2.000,-16.726,1.1086,2.7335,42.9613,0.0000,12.1507,0.0000,0.0000,1.2523,0.0000,28.1158,0.0000,0.0000,0.0000,0.0000,11.2262,0.0000,4.2937,0.0000,0.0000,0.0000,0.0000,-17.971,-15.245,2.484,0.406,1.408,0.024377,0.975623
553,824.00,2.000,-16.729,1.1240,2.7335,42.9610,0.0000,12.1506,0.0000,0.0000,1.2541,0.0000,28.1146,0.0000,0.0000,0.0000,0.0000,11.2261,0.0000,4.2937,0.0000,0.0000,0.0000,0.0000,-18.219,-15.457,2.517,0.411,1.427,0.024412,0.975588
554,823.50,2.000,-16.732,1.1393,2.7336,42.9606,0.0000,12.1505,0.0000,0.0000,1.2559,0.0000,28.1134,0.0000,0.0000,0.0000,0.0000,11.2260,0.0000,4.2937,0.0000,0.0000,0.0000,0.0000,-18.465,-15.668,2.551,0.417,1.446,0.024447,0.975553
555,823.00,2.000,-16.734,1.1545,2.7337,42.9603,0.0000,12.1504,0.0000,0.0000,1.2576,0.0000,28.1121,0.0000,0.0000,0.0000,0.0000,11.2259,0.0000,4.2936,0.0000,0.0000,0.0000,0.0000,-18.711,-15.878,2.584,0.422,1.466,0.024482,0.975518
556,822.50,2.000,-16.737,1.1697,2.7337,42.9600,0.0000,12.1503,0.0000,0.0000,1.2594,0.0000,28.1109,0.0000,0.0000,0.0000,0.0000,11.2258,0.0000,4.2936,0.0000,0.0000,0.0000,0.0000,-18.955,-16.087,2.618,0.428,1.485,0.024516,0.975484
557,822.00,2.000,-16.739,1.1848,2.7338,42.9596,0.0000,12.1502,0.0000,0.0000,1.2611,0.0000,28.1097,0.0000,0.0000,0.0000,0.0000,11.2257,0.0000,4.2936,0.0000,0.0000,0.0000,0.0000,-19.199,-16.296,2.651,0.433,1.504,0.024550,0.975450
558,821.50,2.000,-16.742,1.1998,2.7338,42.9593,0.0000,12.1501,0.0000,0.0000,1.2628,0.0000,28.1086,0.0000,0.0000,0.0000,0.0000,11.2257,0.0000,4.2935,0.0000,0.0000,0.0000,0.0000,-19.441,-16.503,2.684,0.439,1.523,0.024584,0.975416
559,821.00,2.000,-16.744,1.2148,2.7339,42.9590,0.0000,12.1500,0.0000,0.0000,1.2645,0.0000,28.1074,0.0000,0.0000,0.0000,0.0000,11.2256,0.0000,4.2935,0.0000,0.0000,0.0000,0.0000,-19.682,-16.710,2.717,0.444,1.542,0.024617,0.975383
560,820.50,2.000,-16.747,1.2298,2.7340,42.9587,0.0000,12.1499,0.0000,0.0000,1.2662,0.0000,28.1063,0.0000,0.0000,0.0000,0.0000,11.2255,0.0000,4.2935,0.0000,0.0000,0.0000,0.0000,-19.922,-16.916,2.749,0.450,1.561,0.024649,0.975351
561,820.00,2.000,-16.749,1.2446,2.7340,42.9584,0.0000,12.1498,0.0000,0.0000,1.2678,0.0000,28.1051,0.0000,0.0000,0.0000,0.0000,11.2254,0.0000,4.2934,0.0000,0.0000,0.0000,0.0000,-20.162,-17.121,2.782,0.455,1.580,0.024682,0.975318
562,819.50,2.000,-16.752,1.2594,2.7341,42.9580,0.0000,12.1498,0.0000,0.0000,1.2695,0.0000,28.1040,0.0000,0.0000,0.0000,0.0000,11.2253,0.0000,4.2934,0.0000,0.0000,0.0000,0.0000,-20.400,-17.325,2.814,0.461,1.598,0.024713,0.975287
563,819.00,2.000,-16.754,1.2742,2.7342,42.9577,0.0000,12.1497,0.0000,0.0000,1.2711,0.0000,28.1029,0.0000,0.0000,0.0000,0.0000,11.2252,0.0000,4.2934,0.0000,0.0000,0.0000,0.0000,-20.637,-17.529,2.846,0.466,1.617,0.024745,0.975255
564,818.50,2.000,-16.756,1.2889,2.7342,42.9574,0.0000,12.1496,0.0000,0.0000,1.2727,0.0000,28.1018,0.0000,0.0000,0.0000,0.0000,11.2252,0.0000,4.2933,0.0000,0.0000,0.0000,0.0000,-20.874,-17.731,2.879,0.471,1.636,0.024776,0.975224
565,818.00,2.000,-16.758,1.3035,2.7343,42.9571,0.0000,12.1495,0.0000,0.0000,1.2742,0.0000,28.1007,0.0000,0.0000,0.0000,0.0000,11.2251,0.0000,4.2933,0.0000,0.0000,0.0000,0.0000,-21.109,-17.933,2.910,0.477,1.654,0.024807,0.975193
566,817.50,2.000,-16.761,1.3181,2.7343,42.9568,0.0000,12.1494,0.0000,0.0000,1.2758,0.0000,28.0997,0.0000,0.0000,0.0000,0.0000,11.2250,0.0000,4.2933,0.0000,0.0000,0.0000,0.0000,-21.344,-18.135,2.942,0.482,1.672,0.024837,0.975163
567,817.00,2.000,-16.763,1.3327,2.7344,42.9566,0.0000,12.1493,0.0000,0.0000,1.2773,0.0000,28.0986,0.0000,0.0000,0.0000,0.0000,11.2249,0.0000,4.2933,0.0000,0.0000,0.0000,0.0000,-21.577,-18.335,2.974,0.487,1.691,0.024867,0.975133
568,816.50,2.000,-16.765,1.3471,2.7345,42.9563,0.0000,12.1493,0.0000,0.0000,1.2788,0.0000,28.0976,0.0000,0.0000,0.0000,0.0000,11.2249,0.0000,4.2932,0.0000,0.0000,0.0000,0.0000,-21.810,-18.535,3.005,0.493,1.709,0.024897,0.975103
569,816.00,2.000,-16.767,1.3616,2.7345,42.9560,0.0000,12.1492,0.0000,0.0000,1.2803,0.0000,28.0965,0.0000,0.0000,0.0000,0.0000,11.2248,0.0000,4.2932,0.0000,0.0000,0.0000,0.0000,-22.042,-18.734,3.037,0.498,1.727,0.024926,0.975074
570,815.50,2.000,-16.770,1.3760,2.7346,42.9557,0.0000,12.1491,0.0000,0.0000,1.2818,0.0000,28.0955,0.0000,0.0000,0.0000,0.0000,11.2247,0.0000,4.2932,0.0000,0.0000,0.0000,0.0000,-22.273,-18.933,3.068,0.503,1.745,0.024955,0.975045
571,815.00,2.000,-16.772,1.3903,2.7347,42.9554,0.0000,12.1490,0.0000,0.0000,1.2833,0.0000,28.0945,0.0000,0.0000,0.0000,0.0000,11.2246,0.0000,4.2931,0.0000,0.0000,0.0000,0.0000,-22.503,-19.131,3.099,0.508,1.763,0.024983,0.975017
572,814.50,2.000,-16.774,1.4046,2.7347,42.9552,0.0000,12.1489,0.0000,0.0000,1.2847,0.0000,28.0935,0.0000,0.0000,0.0000,0.0000,11.2246,0.0000,4.2931,0.0000,0.0000,0.0000,0.0000,-22.732,-19.328,3.130,0.514,1.781,0.025012,0.974988
573,814.00,2.000,-16.776,1.4188,2.7348,42.9549,0.0000,12.1489,0.0000,0.0000,1.2861,0.0000,28.0925,0.0000,0.0000,0.0000,0.0000,11.2245,0.0000,4.2931,0.0000,0.0000,0.0000,0.0000,-22.961,-19.524,3.161,0.519,1.799,0.025039,0.974961
574,813.50,2.000,-16.778,1.4330,2.7348,42.9546,0.0000,12.1488,0.0000,0.0000,1.2875,0.0000,28.0916,0.0000,0.0000,0.0000,0.0000,11.2244,0.0000,4.2931,0.0000,0.0000,0.0000,0.0000,-23.189,-19.720,3.192,0.524,1.817,0.025067,0.974933
575,813.00,2.000,-16.780,1.4471,2.7349,42.9544,0.0000,12.1487,0.0000,0.0000,1.2889,0.0000,28.0906,0.0000,0.0000,0.0000,0.0000,11.2244,0.0000,4.2930,0.0000,0.0000,0.0000,0.0000,-23.416,-19.915,3.223,0.529,1.835,0.025094,0.974906
576,812.50,2.000,-16.782,1.4612,2.7350,42.9541,0.0000,12.1486,0.0000,0.0000,1.2903,0.0000,28.0897,0.0000,0.0000,0.0000,0.0000,11.2243,0.0000,4.2930,0.0000,0.0000,0.0000,0.0000,-23.642,-20.110,3.253,0.534,1.853,0.025121,0.974879
577,812.00,2.000,-16.784,1.4753,2.7350,42.9538,0.0000,12.1486,0.0000,0.0000,1.2916,0.0000,28.0888,0.0000,0.0000,0.0000,0.0000,11.2242,0.0000,4.2930,0.0000,0.0000,0.0000,0.0000,-23.867,-20.304,3.283,0.539,1.871,0.025147,0.974853
578,811.50,2.000,-16.785,1.4889,2.7351,42.9536,0.0000,12.1485,0.0000,0.0000,1.2928,0.0000,28.0880,0.0000,0.0000,0.0000,0.0000,11.2242,0.0000,4.2930,0.0000,0.0000,0.0000,0.0000,-24.087,-20.493,3.313,0.544,1.888,0.025170,0.974830
579,811.00,2.000,-16.787,1.5025,2.7351,42.9534,0.0000,12.1484,0.0000,0.0000,1.2938,0.0000,28.0872,0.0000,0.0000,0.0000,0.0000,11.2241,0.0000,4.2929,0.0000,0.0000,0.0000,0.0000,-24.304,-20.680,3.342,0.549,1.905,0.025191,0.974809
580,810.50,2.000,-16.788,1.5160,2.7352,42.9532,0.0000,12.1484,0.0000,0.0000,1.2949,0.0000,28.0865,0.0000,0.0000,0.0000,0.0000,11.2241,0.0000,4.2929,0.0000,0.0000,0.0000,0.0000,-24.520,-20.867,3.371,0.554,1.922,0.025211,0.974789
581,810.00,2.000,-16.789,1.5294,2.7353,42.9530,0.0000,12.1483,0.0000,0.0000,1.2959,0.0000,28.0858,0.0000,0.0000,0.0000,0.0000,11.2240,0.0000,4.2929,0.0000,0.0000,0.0000,0.0000,-24.736,-21.053,3.400,0.559,1.939,0.025232,0.974768
582,809.50,2.000,-16.791,1.5428,2.7353,42.9528,0.0000,12.1483,0.0000,0.0000,1.2970,0.0000,28.0851,0.0000,0.0000,0.0000,0.0000,11.2240,0.0000,4.2929,0.0000,0.0000,0.0000,0.0000,-24.951,-21.238,3.429,0.564,1.956,0.025252,0.974748
583,809.00,2.000,-16.792,1.5562,2.7354,42.9526,0.0000,12.1482,0.0000,0.0000,1.2980,0.0000,28.0844,0.0000,0.0000,0.0000,0.0000,11.2239,0.0000,4.2929,0.0000,0.0000,0.0000,0.0000,-25.166,-21.424,3.458,0.569,1.973,0.025272,0.974728
584,808.50,2.000,-16.793,1.5696,2.7354,42.9524,0.0000,12.1482,0.0000,0.0000,1.2990,0.0000,28.0837,0.0000,0.0000,0.0000,0.0000,11.2239,0.0000,4.2928,0.0000,0.0000,0.0000,0.0000,-25.380,-21.608,3.487,0.574,1.989,0.025291,0.974709
585,808.00,2.000,-16.795,1.5829,2.7355,42.9523,0.0000,12.1481,0.0000,0.0000,1.3000,0.0000,28.0830,0.0000,0.0000,0.0000,0.0000,11.2238,0.0000,4.2928,0.0000,0.0000,0.0000,0.0000,-25.594,-21.793,3.516,0.579,2.006,0.025311,0.974689
586,807.50,2.000,-16.796,1.5963,2.7355,42.9521,0.0000,12.1481,0.0000,0.0000,1.3010,0.0000,28.0823,0.0000,0.0000,0.0000,0.0000,11.2238,0.0000,4.2928,0.0000,0.0000,0.0000,0.0000,-25.807,-21.977,3.544,0.584,2.023,0.025330,0.974670
587,807.00,2.000,-16.797,1.6095,2.7356,42.9519,0.0000,12.1480,0.0000,0.0000,1.3019,0.0000,28.0817,0.0000,0.0000,0.0000,0.0000,11.2237,0.0000,4.2928,0.0000,0.0000,0.0000,0.0000,-26.020,-22.161,3.573,0.588,2.040,0.025349,0.974651
588,806.50,2.000,-16.798,1.6228,2.7356,42.9517,0.0000,12.1480,0.0000,0.0000,1.3029,0.0000,28.0810,0.0000,0.0000,0.0000,0.0000,11.2237,0.0000,4.2928,0.0000,0.0000,0.0000,0.0000,-26.232,-22.344,3.601,0.593,2.056,0.025368,0.974632
589,806.00,2.000,-16.800,1.6360,2.7357,42.9515,0.0000,12.1479,0.0000,0.0000,1.3038,0.0000,28.0803,0.0000,0.0000,0.0000,0.0000,11.2236,0.0000,4.2927,0.0000,0.0000,0.0000,0.0000,-26.444,-22.527,3.630,0.598,2.073,0.025387,0.974613
590,805.50,2.000,-16.801,1.6492,2.7358,42.9513,0.0000,12.1479,0.0000,0.0000,1.3048,0.0000,28.0797,0.0000,0.0000,0.0000,0.0000,11.2236,0.0000,4.2927,0.0000,0.0000,0.0000,0.0000,-26.655,-22.709,3.658,0.603,2.090,0.025405,0.974595
591,805.00,2.000,-16.802,1.6624,2.7358,42.9512,0.0000,12.1478,0.0000,0.0000,1.3057,0.0000,28.0791,0.0000,0.0000,0.0000,0.0000,11.2235,0.0000,4.2927,0.0000,0.0000,0.0000,0.0000,-26.866,-22.892,3.686,0.608,2.106,0.025423,0.974577
592,804.50,2.000,-16.803,1.6755,2.7359,42.9510,0.0000,12.1478,0.0000,0.0000,1.3066,0.0000,28.0784,0.0000,0.0000,0.0000,0.0000,11.2235,0.0000,4.2927,0.0000,0.0000,0.0000,0.0000,-27.076,-23.073,3.714,0.612,2.123,0.025441,0.974559
593,804.00,2.000,-16.805,1.6886,2.7359,42.9508,0.0000,12.1477,0.0000,0.0000,1.3075,0.0000,28.0778,0.0000,0.0000,0.0000,0.0000,11.2234,0.0000,4.2927,0.0000,0.0000,0.0000,0.0000,-27.286,-23.255,3.742,0.617,2.139,0.025459,0.974541
594,803.50,2.000,-16.806,1.7017,2.7360,42.9507,0.0000,12.1477,0.0000,0.0000,1.3084,0.0000,28.0772,0.0000,0.0000,0.0000,0.0000,11.2234,0.0000,4.2927,0.0000,0.0000,0.0000,0.0000,-27.496,-23.436,3.770,0.622,2.156,0.025477,0.974523
595,803.00,2.000,-16.807,1.7148,2.7360,42.9505,0.0000,12.1476,0.0000,0.0000,1.3093,0.0000,28.0766,0.0000,0.0000,0.0000,0.0000,11.2233,0.0000,4.2926,0.0000,0.0000,0.0000,0.0000,-27.705,-23.617,3.798,0.627,2.172,0.025494,0.974506
596,802.50,2.000,-16.808,1.7278,2.7361,42.9503,0.0000,12.1476,0.0000,0.0000,1.3102,0.0000,28.0760,0.0000,0.0000,0.0000,0.0000,11.2233,0.0000,4.2926,0.0000,0.0000,0.0000,0.0000,-27.913,-23.797,3.826,0.631,2.188,0.025511,0.974489
597,802.00,2.000,-16.809,1.7408,2.7361,42.9502,0.0000,12.1475,0.0000,0.0000,1.3111,0.0000,28.0754,0.0000,0.0000,0.0000,0.0000,11.2233,0.0000,4.2926,0.0000,0.0000,0.0000,0.0000,-28.121,-23.978,3.854,0.636,2.205,0.025528,0.974472
598,801.50,2.000,-16.811,1.7538,2.7362,42.9500,0.0000,12.1475,0.0000,0.0000,1.3119,0.0000,28.0748,0.0000,0.0000,0.0000,0.0000,11.2232,0.0000,4.2926,0.0000,0.0000,0.0000,0.0000,-28.329,-24.157,3.882,0.641,2.221,0.025545,0.974455
599,801.00,2.000,-16.812,1.7668,2.7363,42.9498,0.0000,12.1474,0.0000,0.0000,1.3128,0.0000,28.0742,0.0000,0.0000,0.0000,0.0000,11.2232,0.0000,4.2926,0.0000,0.0000,0.0000,0.0000,-28.536,-24.337,3.909,0.646,2.237,0.025562,0.974438
600,800.50,2.000,-16.813,1.7797,2.7363,42.9497,0.0000,12.1474,0.0000,0.0000,1.3136,0.0000,28.0736,0.0000,0.0000,0.0000,0.0000,11.2231,0.0000,4.2926,0.0000,0.0000,0.0000,0.0000,-28.743,-24.516,3.937,0.650,2.254,0.025578,0.974422
601,800.00,2.000,-16.814,1.7926,2.7364,42.9495,0.0000,12.1473,0.0000,0.0000,1.3145,0.0000,28.0730,0.0000,0.0000,0.0000,0.0000,11.2231,0.0000,4.2925,0.0000,0.0000,0.0000,0.0000,-28.949,-24.695,3.964,0.655,2.270,0.025594,0.974406
602,799.50,2.000,-16.815,1.8055,2.7364,42.9494,0.0000,12.1473,0.0000,0.0000,1.3153,0.0000,28.0725,0.0000,0.0000,0.0000,0.0000,11.2231,0.0000,4.2925,0.0000,0.0000,0.0000,0.0000,-29.155,-24.873,3.992,0.660,2.286,0.025610,0.974390
603,799.00,2.000,-16.816,1.8184,2.7365,42.9492,0.0000,12.1473,0.0000,0.0000,1.3161,0.0000,28.0719,0.0000,0.0000,0.0000,0.0000,11.2230,0.0000,4.2925,0.0000,0.0000,0.0000,0.0000,-29.361,-25.052,4.019,0.664,2.302,0.025626,0.974374
604,798.50,2.000,-16.818,1.8312,2.7365,42.9491,0.0000,12.1472,0.0000,0.0000,1.3169,0.0000,28.0714,0.0000,0.0000,0.0000,0.0000,11.2230,0.0000,4.2925,0.0000,0.0000,0.0000,0.0000,-29.566,-25.229,4.047,0.669,2.318,0.025642,0.974358
605,798.00,2.000,-16.819,1.8440,2.7366,42.9489,0.0000,12.1472,0.0000,0.0000,1.3177,0.0000,28.0708,0.0000,0.0000,0.0000,0.0000,11.2229,0.0000,4.2925,0.0000,0.0000,0.0000,0.0000,-29.771,-25.407,4.074,0.674,2.334,0.025657,0.974343
606,797.50,2.000,-16.820,1.8568,2.7366,42.9488,0.0000,12.1471,0.0000,0.0000,1.3185,0.0000,28.0703,0.0000,0.0000,0.0000,0.0000,11.2229,0.0000,4.2925,0.0000,0.0000,0.0000,0.0000,-29.975,-25.584,4.101,0.679,2.350,0.025673,0.974327
607,797.00,2.000,-16.821,1.8696,2.7367,42.9486,0.0000,12.1471,0.0000,0.0000,1.3192,0.0000,28.0698,0.0000,0.0000,0.0000,0.0000,11.2229,0.0000,4.2925,0.0000,0.0000,0.0000,0.0000,-30.179,-25.761,4.128,0.683,2.367,0.025688,0.974312
608,796.50,2.000,-16.822,1.8824,2.7367,42.9485,0.0000,12.1470,0.0000,0.0000,1.3200,0.0000,28.0692,0.0000,0.0000,0.0000,0.0000,11.2228,0.0000,4.2924,0.0000,0.0000,0.0000,0.0000,-30.383,-25.938,4.155,0.688,2.383,0.025703,0.974297
609,796.00,2.000,-16.823,1.8951,2.7368,42.9483,0.0000,12.1470,0.0000,0.0000,1.3208,0.0000,28.0687,0.0000,0.0000,0.0000,0.0000,11.2228,0.0000,4.2924,0.0000,0.0000,0.0000,0.0000,-30.586,-26.115,4.182,0.692,2.398,0.025718,0.974282
610,795.50,2.000,-16.824,1.9078,2.7369,42.9482,0.0000,12.1470,0.0000,0.0000,1.3215,0.0000,28.0682,0.0000,0.0000,0.0000,0.0000,11.2227,0.0000,4.2924,0.0000,0.0000,0.0000,0.0000,-30.789,-26.291,4.209,0.697,2.414,0.025732,0.974268
611,795.00,2.000,-16.826,1.9205,2.7369,42.9480,0.0000,12.1469,0.0000,0.0000,1.3222,0.0000,28.0677,0.0000,0.0000,0.0000,0.0000,11.2227,0.0000,4.2924,0.0000,0.0000,0.0000,0.0000,-30.991,-26.467,4.236,0.702,2.430,0.025747,0.974253
612,794.50,2.000,-16.827,1.9332,2.7370,42.9479,0.0000,12.1469,0.0000,0.0000,1.3230,0.0000,28.0672,0.0000,0.0000,0.0000,0.0000,11.2227,0.0000,4.2924,0.0000,0.0000,0.0000,0.0000,-31.193,-26.642,4.263,0.706,2.446,0.025761,0.974239
613,794.00,2.000,-16.828,1.9458,2.7370,42.9478,0.0000,12.1468,0.0000,0.0000,1.3237,0.0000,28.0667,0.0000,0.0000,0.0000,0.0000,11.2226,0.0000,4.2924,0.0000,0.0000,0.0000,0.0000,-31.395,-26.818,4.289,0.711,2.462,0.025775,0.974225
614,793.50,2.000,-16.829,1.9584,2.7371,42.9476,0.0000,12.1468,0.0000,0.0000,1.3244,0.0000,28.0662,0.0000,0.0000,0.0000,0.0000,11.2226,0.0000,4.2924,0.0000,0.0000,0.0000,0.0000,-31.596,-26.993,4.316,0.716,2.478,0.025789,0.974211
615,793.00,2.000,-16.830,1.9710,2.7371,42.9475,0.0000,12.1468,0.0000,0.0000,1.3251,0.0000,28.0657,0.0000,0.0000,0.0000,0.0000,11.2226,0.0000,4.2923,0.0000,0.0000,0.0000,0.0000,-31.797,-27.167,4.343,0.720,2.494,0.025803,0.974197
616,792.50,2.000,-16.831,1.9836,2.7372,42.9474,0.0000,12.1467,0.0000,0.0000,1.3258,0.0000,28.0652,0.0000,0.0000,0.0000,0.0000,11.2225,0.0000,4.2923,0.0000,0.0000,0.0000,0.0000,-31.998,-27.342,4.369,0.725,2.510,0.025817,0.974183
617,792.00,2.000,-16.832,1.9962,2.7372,42.9472,0.0000,12.1467,0.0000,0.0000,1.3265,0.0000,28.0648,0.0000,0.0000,0.0000,0.0000,11.2225,0.0000,4.2923,0.0000,0.0000,0.0000,0.0000,-32.198,-27.516,4.396,0.729,2.525,0.025830,0.974170
618,791.50,2.000,-16.833,2.0087,2.7373,42.9471,0.0000,12.1467,0.0000,0.0000,1.3272,0.0000,28.0643,0.0000,0.0000,0.0000,0.0000,11.2225,0.0000,4.2923,0.0000,0.0000,0.0000,0.0000,-32.398,-27.690,4.422,0.734,2.541,0.025843,0.974157
619,791.00,2.000,-16.834,2.0212,2.7373,42.9470,0.0000,12.1466,0.0000,0.0000,1.3278,0.0000,28.0638,0.0000,0.0000,0.0000,0.0000,11.2224,0.0000,4.2923,0.0000,0.0000,0.0000,0.0000,-32.598,-27.864,4.448,0.738,2.557,0.025856,0.974144
620,790.50,2.000,-16.836,2.0337,2.7374,42.9469,0.0000,12.1466,0.0000,0.0000,1.3285,0.0000,28.0634,0.0000,0.0000,0.0000,0.0000,11.2224,0.0000,4.2923,0.0000,0.0000,0.0000,0.0000,-32.797,-28.038,4.475,0.743,2.572,0.025869,0.974131
621,790.00,2.000,-16.837,2.0462,2.7374,42.9467,0.0000,12.1466,0.0000,0.0000,1.3292,0.0000,28.0629,0.0000,0.0000,0.0000,0.0000,11.2224,0.0000,4.2923,0.0000,0.0000,0.0000,0.0000,-32.996,-28.211,4.501,0.747,2.588,0.025882,0.974118
622,789.50,2.000,-16.838,2.0587,2.7375,42.9466,0.0000,12.1465,0.0000,0.0000,1.3298,0.0000,28.0625,0.0000,0.0000,0.0000,0.0000,11.2223,0.0000,4.2923,0.0000,0.0000,0.0000,0.0000,-33.195,-28.384,4.527,0.752,2.604,0.025895,0.974105
623,789.00,2.000,-16.839,2.0711,2.7376,42.9465,0.0000,12.1465,0.0000,0.0000,1.3304,0.0000,28.0620,0.0000,0.0000,0.0000,0.0000,11.2223,0.0000,4.2922,0.0000,0.0000,0.0000,0.0000,-33.393,-28.557,4.553,0.757,2.619,0.025907,0.974093
624,788.50,2.000,-16.840,2.0836,2.7376,42.9464,0.0000,12.1465,0.0000,0.0000,1.3311,0.0000,28.0616,0.0000,0.0000,0.0000,0.0000,11.2223,0.0000,4.2922,0.0000,0.0000,0.0000,0.0000,-33.591,-28.729,4.579,0.761,2.635,0.025920,0.974080
625,788.00,2.000,-16.841,2.0960,2.7377,42.9462,0.0000,12.1464,0.0000,0.0000,1.3317,0.0000,28.0612,0.0000,0.0000,0.0000,0.0000,11.2222,0.0000,4.2922,0.0000,0.0000,0.0000,0.0000,-33.789,-28.901,4.605,0.766,2.650,0.025932,0.974068
626,787.50,2.000,-16.842,2.1084,2.7377,42.9461,0.0000,12.1464,0.0000,0.0000,1.3323,0.0000,28.0608,0.0000,0.0000,0.0000,0.0000,11.2222,0.0000,4.2922,0.0000,0.0000,0.0000,0.0000,-33.986,-29.074,4.631,0.770,2.666,0.025944,0.974056
627,787.00,2.000,-16.843,2.1207,2.7378,42.9460,0.0000,12.1464,0.0000,0.0000,1.3329,0.0000,28.0603,0.0000,0.0000,0.0000,0.0000,11.2222,0.0000,4.2922,0.0000,0.0000,0.0000,0.0000,-34.183,-29.245,4.657,0.775,2.681,0.025956,0.974044
628,786.50,2.000,-16.844,2.1331,2.7378,42.9459,0.0000,12.1463,0.0000,0.0000,1.3335,0.0000,28.0599,0.0000,0.0000,0.0000,0.0000,11.2221,0.0000,4.2922,0.0000,0.0000,0.0000,0.0000,-34.380,-29.417,4.683,0.779,2.697,0.025968,0.974032
629,786.00,2.000,-16.845,2.1454,2.7379,42.9458,0.0000,12.1463,0.0000,0.0000,1.3341,0.0000,28.0595,0.0000,0.0000,0.0000,0.0000,11.2221,0.0000,4.2922,0.0000,0.0000,0.0000,0.0000,-34.576,-29.588,4.709,0.784,2.712,0.025979,0.974021
630,785.50,2.000,-16.846,2.1578,2.7379,42.9457,0.0000,12.1463,0.0000,0.0000,1.3347,0.0000,28.0591,0.0000,0.0000,0.0000,0.0000,11.2221,0.0000,4.2922,0.0000,0.0000,0.0000,0.0000,-34.772,-29.760,4.735,0.788,2.728,0.025991,0.974009
631,785.00,2.000,-16.848,2.1701,2.7380,42.9456,0.0000,12.1462,0.0000,0.0000,1.3353,0.0000,28.0587,0.0000,0.0000,0.0000,0.0000,11.2221,0.0000,4.2922,0.0000,0.0000,0.0000,0.0000,-34.968,-29.930,4.760,0.793,2.743,0.026002,0.973998
632,784.50,2.000,-16.849,2.1824,2.7380,42.9455,0.0000,12.1462,0.0000,0.0000,1.3359,0.0000,28.0583,0.0000,0.0000,0.0000,0.0000,11.2220,0.0000,4.2921,0.0000,0.0000,0.0000,0.0000,-35.163,-30.101,4.786,0.797,2.758,0.026013,0.973987
633,784.00,2.000,-16.850,2.1946,2.7381,42.9454,0.0000,12.1462,0.0000,0.0000,1.3364,0.0000,28.0579,0.0000,0.0000,0.0000,0.0000,11.2220,0.0000,4.2921,0.0000,0.0000,0.0000,0.0000,-35.358,-30.272,4.812,0.802,2.774,0.026024,0.973976
634,783.50,2.000,-16.851,2.2069,2.7381,42.9452,0.0000,12.1461,0.0000,0.0000,1.3370,0.0000,28.0575,0.0000,0.0000,0.0000,0.0000,11.2220,0.0000,4.2921,0.0000,0.0000,0.0000,0.0000,-35.553,-30.442,4.837,0.806,2.789,0.026035,0.973965
635,783.00,2.000,-16.852,2.2191,2.7382,42.9451,0.0000,12.1461,0.0000,0.0000,1.3375,0.0000,28.0572,0.0000,0.0000,0.0000,0.0000,11.2220,0.0000,4.2921,0.0000,0.0000,0.0000,0.0000,-35.748,-30.612,4.863,0.810,2.804,0.026046,0.973954
636,782.50,2.000,-16.853,2.2313,2.7382,42.9450,0.0000,12.1461,0.0000,0.0000,1.3381,0.0000,28.0568,0.0000,0.0000,0.0000,0.0000,11.2219,0.0000,4.2921,0.0000,0.0000,0.0000,0.0000,-35.942,-30.782,4.888,0.815,2.820,0.026057,0.973943
637,782.00,2.000,-16.854,2.2435,2.7383,42.9449,0.0000,12.1460,0.0000,0.0000,1.3386,0.0000,28.0564,0.0000,0.0000,0.0000,0.0000,11.2219,0.0000,4.2921,0.0000,0.0000,0.0000,0.0000,-36.136,-30.951,4.914,0.819,2.835,0.026067,0.973933
638,781.50,2.000,-16.855,2.2557,2.7383,42.9448,0.0000,12.1460,0.0000,0.0000,1.3391,0.0000,28.0561,0.0000,0.0000,0.0000,0.0000,11.2219,0.0000,4.2921,0.0000,0.0000,0.0000,0.0000,-36.330,-31.121,4.939,0.824,2.850,0.026078,0.973922
639,781.00,2.000,-16.856,2.2679,2.7384,42.9447,0.0000,12.1460,0.0000,0.0000,1.3397,0.0000,28.0557,0.0000,0.0000,0.0000,0.0000,11.2218,0.0000,4.2921,0.0000,0.0000,0.0000,0.0000,-36.523,-31.290,4.964,0.828,2.865,0.026088,0.973912
640,780.50,2.000,-16.857,2.2801,2.7384,42.9446,0.0000,12.1460,0.0000,0.0000,1.3402,0.0000,28.0553,0.0000,0.0000,0.0000,0.0000,11.2218,0.0000,4.2921,0.0000,0.0000,0.0000,0.0000,-36.716,-31.459,4.989,0.833,2.880,0.026098,0.973902
641,780.00,2.000,-16.858,2.2922,2.7385,42.9445,0.0000,12.1459,0.0000,0.0000,1.3407,0.0000,28.0550,0.0000,0.0000,0.0000,0.0000,11.2218,0.0000,4.2921,0.0000,0.0000,0.0000,0.0000,-36.909,-31.628,5.015,0.837,2.896,0.026108,0.973892
642,779.50,2.000,-16.859,2.3043,2.7385,42.9444,0.0000,12.1459,0.0000,0.0000,1.3412,0.0000,28.0547,0.0000,0.0000,0.0000,0.0000,11.2218,0.0000,4.2920,0.0000,0.0000,0.0000,0.0000,-37.102,-31.797,5.040,0.841,2.911,0.026118,0.973882
643,779.00,2.000,-16.861,2.3164,2.7386,42.9444,0.0000,12.1459,0.0000,0.0000,1.3417,0.0000,28.0543,0.0000,0.0000,0.0000,0.0000,11.2217,0.0000,4.2920,0.0000,0.0000,0.0000,0.0000,-37.294,-31.965,5.065,0.846,2.926,0.026128,0.973872
644,778.50,2.000,-16.862,2.3285,2.7386,42.9443,0.0000,12.1459,0.0000,0.0000,1.3422,0.0000,28.0540,0.0000,0.0000,0.0000,0.0000,11.2217,0.0000,4.2920,0.0000,0.0000,0.0000,0.0000,-37.486,-32.133,5.090,0.850,2.941,0.026137,0.973863
645,778.00,2.000,-16.863,2.3406,2.7387,42.9442,0.0000,12.1458,0.0000,0.0000,1.3427,0.0000,28.0536,0.0000,0.0000,0.0000,0.0000,11.2217,0.0000,4.2920,0.0000,0.0000,0.0000,0.0000,-37.678,-32.301,5.115,0.855,2.956,0.026147,0.973853
646,777.50,2.000,-16.864,2.3527,2.7387,42.9441,0.0000,12.1458,0.0000,0.0000,1.3431,0.0000,28.0533,0.0000,0.0000,0.0000,0.0000,11.2217,0.0000,4.2920,0.0000,0.0000,0.0000,0.0000,-37.869,-32.469,5.140,0.859,2.971,0.026156,0.973844
647,777.00,2.000,-16.865,2.3647,2.7388,42.9440,0.0000,12.1458,0.0000,0.0000,1.3436,0.0000,28.0530,0.0000,0.0000,0.0000,0.0000,11.2216,0.0000,4.2920,0.0000,0.0000,0.0000,0.0000,-38.060,-32.637,5.165,0.863,2.986,0.026165,0.973835
648,776.50,2.000,-16.866,2.3767,2.7388,42.9439,0.0000,12.1458,0.0000,0.0000,1.3441,0.0000,28.0527,0.0000,0.0000,0.0000,0.0000,11.2216,0.0000,4.2920,0.0000,0.0000,0.0000,0.0000,-38.251,-32.804,5.190,0.868,3.001,0.026174,0.973826
649,776.00,2.000,-16.867,2.3888,2.7389,42.9438,0.0000,12.1457,0.0000,0.0000,1.3445,0.0000,28.0524,0.0000,0.0000,0.0000,0.0000,11.2216,0.0000,4.2920,0.0000,0.0000,0.0000,0.0000,-38.442,-32.971,5.214,0.872,3.016,0.026183,0.973817
650,775.50,2.000,-16.868,2.4008,2.7389,42.9437,0.0000,12.1457,0.0000,0.0000,1.3450,0.0000,28.0520,0.0000,0.0000,0.0000,0.0000,11.2216,0.0000,4.2920,0.0000,0.0000,0.0000,0.0000,-38.632,-33.139,5.239,0.877,3.031,0.026192,0.973808
651,775.00,2.000,-16.869,2.4128,2.7390,42.9436,0.0000,12.1457,0.0000,0.0000,1.3454,0.0000,28.0517,0.0000,0.0000,0.0000,0.0000,11.2216,0.0000,4.2920,0.0000,0.0000,0.0000,0.0000,-38.823,-33.305,5.264,0.881,3.046,0.026201,0.973799
652,774.50,2.000,-16.870,2.4247,2.7391,42.9436,0.0000,12.1457,0.0000,0.0000,1.3459,0.0000,28.0514,0.0000,0.0000,0.0000,0.0000,11.2215,0.0000,4.2920,0.0000,0.0000,0.0000,0.0000,-39.013,-33.472,5.288,0.885,3.061,0.026209,0.973791
653,774.00,2.000,-16.872,2.4367,2.7391,42.9435,0.0000,12.1456,0.0000,0.0000,1.3463,0.0000,28.0511,0.0000,0.0000,0.0000,0.0000,11.2215,0.0000,4.2919,0.0000,0.0000,0.0000,0.0000,-39.202,-33.639,5.313,0.890,3.076,0.026218,0.973782
654,773.50,2.000,-16.873,2.4486,2.7392,42.9434,0.0000,12.1456,0.0000,0.0000,1.3467,0.0000,28.0508,0.0000,0.0000,0.0000,0.0000,11.2215,0.0000,4.2919,0.0000,0.0000,0.0000,0.0000,-39.392,-33.805,5.338,0.894,3.091,0.026226,0.973774
655,773.00,2.000,-16.874,2.4606,2.7392,42.9433,0.0000,12.1456,0.0000,0.0000,1.3471,0.0000,28.0506,0.0000,0.0000,0.0000,0.0000,11.2215,0.0000,4.2919,0.0000,0.0000,0.0000,0.0000,-39.581,-33.971,5.362,0.898,3.106,0.026235,0.973765
656,772.50,2.000,-16.875,2.4725,2.7393,42.9432,0.0000,12.1456,0.0000,0.0000,1.3476,0.0000,28.0503,0.0000,0.0000,0.0000,0.0000,11.2215,0.0000,4.2919,0.0000,0.0000,0.0000,0.0000,-39.770,-34.137,5.387,0.903,3.121,0.026243,0.973757
657,772.00,2.000,-16.876,2.4844,2.7393,42.9432,0.0000,12.1455,0.0000,0.0000,1.3480,0.0000,28.0500,0.0000,0.0000,0.0000,0.0000,11.2214,0.0000,4.2919,0.0000,0.0000,0.0000,0.0000,-39.958,-34.303,5.411,0.907,3.135,0.026251,0.973749
658,771.50,2.000,-16.877,2.4963,2.7394,42.9431,0.0000,12.1455,0.0000,0.0000,1.3484,0.0000,28.0497,0.0000,0.0000,0.0000,0.0000,11.2214,0.0000,4.2919,0.0000,0.0000,0.0000,0.0000,-40.147,-34.469,5.435,0.911,3.150,0.026259,0.973741
659,771.00,2.000,-16.878,2.5082,2.7394,42.9430,0.0000,12.1455,0.0000,0.0000,1.3488,0.0000,28.0494,0.0000,0.0000,0.0000,0.0000,11.2214,0.0000,4.2919,0.0000,0.0000,0.0000,0.0000,-40.335,-34.634,5.460,0.916,3.165,0.026267,0.973733
660,770.50,2.000,-16.879,2.5200,2.7395,42.9429,0.0000,12.1455,0.0000,0.0000,1.3492,0.0000,28.0492,0.0000,0.0000,0.0000,0.0000,11.2214,0.0000,4.2919,0.0000,0.0000,0.0000,0.0000,-40.523,-34.799,5.484,0.920,3.180,0.026274,0.973726
661,770.00,2.000,-16.880,2.5319,2.7395,42.9429,0.0000,12.1455,0.0000,0.0000,1.3496,0.0000,28.0489,0.0000,0.0000,0.0000,0.0000,11.2214,0.0000,4.2919,0.0000,0.0000,0.0000,0.0000,-40.711,-34.965,5.508,0.924,3.195,0.026282,0.973718
662,769.50,2.000,-16.882,2.5437,2.7396,42.9428,0.0000,12.1454,0.0000,0.0000,1.3499,0.0000,28.0486,0.0000,0.0000,0.0000,0.0000,11.2213,0.0000,4.2919,0.0000,0.0000,0.0000,0.0000,-40.898,-35.129,5.533,0.929,3.209,0.026289,0.973711
663,769.00,2.000,-16.883,2.5555,2.7396,42.9427,0.0000,12.1454,0.0000,0.0000,1.3503,0.0000,28.0484,0.0000,0.0000,0.0000,0.0000,11.2213,0.0000,4.2919,0.0000,0.0000,0.0000,0.0000,-41.085,-35.294,5.557,0.933,3.224,0.026297,0.973703
664,768.50,2.000,-16.884,2.5673,2.7397,42.9426,0.0000,12.1454,0.0000,0.0000,1.3507,0.0000,28.0481,0.0000,0.0000,0.0000,0.0000,11.2213,0.0000,4.2919,0.0000,0.0000,0.0000,0.0000,-41.272,-35.459,5.581,0.937,3.239,0.026304,0.973696
665,768.00,2.000,-16.885,2.5791,2.7397,42.9426,0.0000,12.1454,0.0000,0.0000,1.3511,0.0000,28.0479,0.0000,0.0000,0.0000,0.0000,11.2213,0.0000,4.2919,0.0000,0.0000,0.0000,0.0000,-41.459,-35.623,5.605,0.941,3.253,0.026311,0.973689
666,767.50,2.000,-16.886,2.5909,2.7398,42.9425,0.0000,12.1454,0.0000,0.0000,1.3514,0.0000,28.0476,0.0000,0.0000,0.0000,0.0000,11.2213,0.0000,4.2918,0.0000,0.0000,0.0000,0.0000,-41.645,-35.788,5.629,0.946,3.268,0.026318,0.973682
667,767.00,2.000,-16.887,2.6027,2.7398,42.9424,0.0000,12.1453,0.0000,0.0000,1.3518,0.0000,28.0474,0.0000,0.0000,0.0000,0.0000,11.2212,0.0000,4.2918,0.0000,0.0000,0.0000,0.0000,-41.832,-35.952,5.653,0.950,3.283,0.026325,0.973675
668,766.50,2.000,-16.888,2.6144,2.7399,42.9424,0.0000,12.1453,0.0000,0.0000,1.3521,0.0000,28.0471,0.0000,0.0000,0.0000,0.0000,11.2212,0.0000,4.2918,0.0000,0.0000,0.0000,0.0000,-42.018,-36.116,5.677,0.954,3.297,0.026332,0.973668
669,766.00,2.000,-16.890,2.6262,2.7399,42.9423,0.0000,12.1453,0.0000,0.0000,1.3525,0.0000,28.0469,0.0000,0.0000,0.0000,0.0000,11.2212,0.0000,4.2918,0.0000,0.0000,0.0000,0.0000,-42.203,-36.279,5.701,0.958,3.312,0.026339,0.973661
670,765.50,2.000,-16.891,2.6379,2.7400,42.9422,0.0000,12.1453,0.0000,0.0000,1.3528,0.0000,28.0467,0.0000,0.0000,0.0000,0.0000,11.2212,0.0000,4.2918,0.0000,0.0000,0.0000,0.0000,-42.389,-36.443,5.725,0.963,3.327,0.026346,0.973654
671,765.00,2.000,-16.892,2.6496,2.7400,42.9422,0.0000,12.1453,0.0000,0.0000,1.3531,0.0000,28.0464,0.0000,0.0000,0.0000,0.0000,11.2212,0.0000,4.2918,0.0000,0.0000,0.0000,0.0000,-42.574,-36.607,5.749,0.967,3.341,0.026352,0.973648
672,764.50,2.000,-16.893,2.6614,2.7401,42.9421,0.0000,12.1452,0.0000,0.0000,1.3535,0.0000,28.0462,0.0000,0.0000,0.0000,0.0000,11.2212,0.0000,4.2918,0.0000,0.0000,0.0000,0.0000,-42.760,-36.770,5.772,0.971,3.356,0.026359,0.973641
673,764.00,2.000,-16.894,2.6730,2.7401,42.9421,0.0000,12.1452,0.0000,0.0000,1.3538,0.0000,28.0460,0.0000,0.0000,0.0000,0.0000,11.2211,0.0000,4.2918,0.0000,0.0000,0.0000,0.0000,-42.944,-36.933,5.796,0.976,3.370,0.026365,0.973635
674,763.50,2.000,-16.895,2.6847,2.7402,42.9420,0.0000,12.1452,0.0000,0.0000,1.3541,0.0000,28.0457,0.0000,0.0000,0.0000,0.0000,11.2211,0.0000,4.2918,0.0000,0.0000,0.0000,0.0000,-43.129,-37.096,5.820,0.980,3.385,0.026371,0.973629
675,763.00,2.000,-16.897,2.6964,2.7402,42.9419,0.0000,12.1452,0.0000,0.0000,1.3544,0.0000,28.0455,0.0000,0.0000,0.0000,0.0000,11.2211,0.0000,4.2918,0.0000,0.0000,0.0000,0.0000,-43.314,-37.259,5.843,0.984,3.399,0.026377,0.973623
676,762.50,2.000,-16.898,2.7081,2.7403,42.9419,0.0000,12.1452,0.0000,0.0000,1.3547,0.0000,28.0453,0.0000,0.0000,0.0000,0.0000,11.2211,0.0000,4.2918,0.0000,0.0000,0.0000,0.0000,-43.498,-37.422,5.867,0.988,3.414,0.026384,0.973616
677,762.00,2.000,-16.899,2.7197,2.7403,42.9418,0.0000,12.1452,0.0000,0.0000,1.3551,0.0000,28.0451,0.0000,0.0000,0.0000,0.0000,11.2211,0.0000,4.2918,0.0000,0.0000,0.0000,0.0000,-43.682,-37.584,5.891,0.992,3.428,0.026390,0.973610
678,761.50,2.000,-16.900,2.7313,2.7404,42.9418,0.0000,12.1451,0.0000,0.0000,1.3554,0.0000,28.0449,0.0000,0.0000,0.0000,0.0000,11.2211,0.0000,4.2918,0.0000,0.0000,0.0000,0.0000,-43.866,-37.747,5.914,0.997,3.443,0.026395,0.973605
679,761.00,2.000,-16.901,2.7430,2.7404,42.9417,0.0000,12.1451,0.0000,0.0000,1.3557,0.0000,28.0447,0.0000,0.0000,0.0000,0.0000,11.2211,0.0000,4.2918,0.0000,0.0000,0.0000,0.0000,-44.049,-37.909,5.938,1.001,3.457,0.026401,0.973599
680,760.50,2.000,-16.902,2.7546,2.7404,42.9416,0.0000,12.1451,0.0000,0.0000,1.3559,0.0000,28.0445,0.0000,0.0000,0.0000,0.0000,11.2210,0.0000,4.2918,0.0000,0.0000,0.0000,0.0000,-44.232,-38.071,5.961,1.005,3.472,0.026407,0.973593
681,760.00,2.000,-16.904,2.7662,2.7405,42.9416,0.0000,12.1451,0.0000,0.0000,1.3562,0.0000,28.0443,0.0000,0.0000,0.0000,0.0000,11.2210,0.0000,4.2918,0.0000,0.0000,0.0000,0.0000,-44.416,-38.233,5.984,1.009,3.486,0.026413,0.973587
682,759.50,2.000,-16.905,2.7777,2.7405,42.9415,0.0000,12.1451,0.0000,0.0000,1.3565,0.0000,28.0441,0.0000,0.0000,0.0000,0.0000,11.2210,0.0000,4.2918,0.0000,0.0000,0.0000,0.0000,-44.598,-38.394,6.008,1.014,3.500,0.026418,0.973582
683,759.00,2.000,-16.906,2.7893,2.7406,42.9415,0.0000,12.1451,0.0000,0.0000,1.3568,0.0000,28.0439,0.0000,0.0000,0.0000,0.0000,11.2210,0.0000,4.2917,0.0000,0.0000,0.0000,0.0000,-44.781,-38.556,6.031,1.018,3.515,0.026424,0.973576
684,758.50,2.000,-16.907,2.8009,2.7406,42.9414,0.0000,12.1451,0.0000,0.0000,1.3571,0.0000,28.0437,0.0000,0.0000,0.0000,0.0000,11.2210,0.0000,4.2917,0.0000,0.0000,0.0000,0.0000,-44.964,-38.718,6.054,1.022,3.529,0.026429,0.973571
685,758.00,2.000,-16.909,2.8124,2.7407,42.9414,0.0000,12.1450,0.0000,0.0000,1.3573,0.0000,28.0435,0.0000,0.0000,0.0000,0.0000,11.2210,0.0000,4.2917,0.0000,0.0000,0.0000,0.0000,-45.146,-38.879,6.078,1.026,3.543,0.026434,0.973566
686,757.50,2.000,-16.910,2.8240,2.7407,42.9413,0.0000,12.1450,0.0000,0.0000,1.3576,0.0000,28.0434,0.0000,0.0000,0.0000,0.0000,11.2210,0.0000,4.2917,0.0000,0.0000,0.0000,0.0000,-45.328,-39.040,6.101,1.030,3.558,0.026439,0.973561
687,757.00,2.000,-16.911,2.8355,2.7408,42.9413,0.0000,12.1450,0.0000,0.0000,1.3579,0.0000,28.0432,0.0000,0.0000,0.0000,0.0000,11.2209,0.0000,4.2917,0.0000,0.0000,0.0000,0.0000,-45.510,-39.201,6.124,1.035,3.572,0.026445,0.973555
688,756.50,2.000,-16.912,2.8470,2.7408,42.9412,0.0000,12.1450,0.0000,0.0000,1.3581,0.0000,28.0430,0.0000,0.0000,0.0000,0.0000,11.2209,0.0000,4.2917,0.0000,0.0000,0.0000,0.0000,-45.691,-39.362,6.147,1.039,3.586,0.026450,0.973550
689,756.00,2.000,-16.913,2.8585,2.7409,42.9412,0.0000,12.1450,0.0000,0.0000,1.3584,0.0000,28.0428,0.0000,0.0000,0.0000,0.0000,11.2209,0.0000,4.2