Index,T (C),P (kbars),log(10) f O2,mass (gm),rho (gm/cc),wt% SiO2,wt% TiO2,wt% Al2O3,wt% Fe2O3,wt% Cr2O3,wt% FeO,wt% MnO,wt% MgO,wt% NiO,wt% CoO,wt% CaO,wt% Na2O,wt% K2O,wt% P2O5,wt% H2O,wt% CO2,wt% SO3,wt% Cl2O-1,wt% F2O-1,G (kJ),H (kJ),S (J/K),V (cc),Cp (J/K),   geikielite,     hematite,     ilmenite,  pyrophanite,     corundum
159,942.00,2.000,0.193,0.0854,4.6719,0.0000,21.2800,1.4147,65.1988,0.0000,2.2337,0.9060,8.9667,0.0000,0.0000,0.0000,0.0000,0.0000,0.0000,0.0000,0.0000,0.0000,0.0000,0.0000,-0.776,-0.574,0.166,0.018,0.080,0.323134,0.593005,0.045157,0.018551,0.020153
160,941.00,2.000,0.151,0.2617,4.6712,0.0000,21.3346,1.4181,65.1062,0.0000,2.2457,0.9105,8.9850,0.0000,0.0000,0.0000,0.0000,0.0000,0.0000,0.0000,0.0000,0.0000,0.0000,0.0000,-2.376,-1.758,0.509,0.056,0.245,0.323730,0.592045,0.045390,0.018639,0.020197
161,940.00,2.000,0.109,0.4379,4.6704,0.0000,21.3889,1.4215,65.0140,0.0000,2.2576,0.9148,9.0032,0.0000,0.0000,0.0000,0.0000,0.0000,0.0000,0.0000,0.0000,0.0000,0.0000,0.0000,-3.979,-2.945,0.852,0.094,0.411,0.324323,0.591091,0.045622,0.018724,0.020241
162,939.00,2.000,0.067,0.6141,4.6697,0.0000,21.4429,1.4249,64.9223,0.0000,2.2695,0.9191,9.0214,0.0000,0.0000,0.0000,0.0000,0.0000,0.0000,0.0000,0.0000,0.0000,0.0000,0.0000,-5.582,-4.134,1.194,0.132,0.576,0.324912,0.590141,0.045853,0.018808,0.020285
163,938.00,2.000,0.028,0.7726,4.6691,0.0000,21.4877,1.4271,64.8463,0.0000,2.2797,0.9233,9.0359,0.0000,0.0000,0.0000,0.0000,0.0000,0.0000,0.0000,0.0000,0.0000,0.0000,0.0000,-7.025,-5.206,1.502,0.165,0.724,0.325384,0.589359,0.046053,0.018890,0.020314
164,937.00,2.000,0.005,0.8506,4.6694,0.0000,21.4918,1.4240,64.8402,0.0000,2.2824,0.9275,9.0341,0.0000,0.0000,0.0000,0.0000,0.0000,0.0000,0.0000,0.0000,0.0000,0.0000,0.0000,-7.732,-5.732,1.653,0.182,0.797,0.325327,0.589318,0.046108,0.018977,0.020271
165,936.00,2.000,-0.017,0.9233,4.6697,0.0000,21.4937,1.4207,64.8379,0.0000,2.2847,0.9317,9.0313,0.0000,0.0000,0.0000,0.0000,0.0000,0.0000,0.0000,0.0000,0.0000,0.0000,0.0000,-8.391,-6.222,1.794,0.198,0.866,0.325239,0.589317,0.046155,0.019064,0.020224
166,935.00,2.000,-0.038,0.9916,4.6700,0.0000,21.4937,1.4171,64.8388,0.0000,2.2866,0.9359,9.0278,0.0000,0.0000,0.0000,0.0000,0.0000,0.0000,0.0000,0.0000,0.0000,0.0000,0.0000,-9.009,-6.683,1.925,0.212,0.930,0.325127,0.589351,0.046196,0.019151,0.020174
167,934.00,2.000,-0.059,1.0562,4.6704,0.0000,21.4920,1.4134,64.8425,0.0000,2.2882,0.9402,9.0237,0.0000,0.0000,0.0000,0.0000,0.0000,0.0000,0.0000,0.0000,0.0000,0.0000,0.0000,-9.593,-7.118,2.050,0.226,0.990,0.324993,0.589414,0.046232,0.019238,0.020122
168,933.00,2.000,-0.079,1.1176,4.6708,0.0000,21.4889,1.4095,64.8485,0.0000,2.2896,0.9444,9.0189,0.0000,0.0000,0.0000,0.0000,0.0000,0.0000,0.0000,0.0000,0.0000,0.0000,0.0000,-10.147,-7.532,2.168,0.239,1.048,0.324841,0.589502,0.046263,0.019326,0.020068
169,932.00,2.000,-0.099,1.1762,4.6712,0.0000,21.4847,1.4055,64.8566,0.0000,2.2908,0.9486,9.0137,0.0000,0.0000,0.0000,0.0000,0.0000,0.0000,0.0000,0.0000,0.0000,0.0000,0.0000,-10.675,-7.926,2.281,0.252,1.103,0.324672,0.589611,0.046290,0.019414,0.020012
170,931.00,2.000,-0.119,1.2324,4.6717,0.0000,21.4793,1.4014,64.8665,0.0000,2.2919,0.9529,9.0080,0.0000,0.0000,0.0000,0.0000,0.0000,0.0000,0.0000,0.0000,0.0000,0.0000,0.0000,-11.181,-8.305,2.389,0.264,1.155,0.324489,0.589740,0.046313,0.019502,0.019955
171,930.00,2.000,-0.138,1.2864,4.6722,0.0000,21.4730,1.3972,64.8780,0.0000,2.2927,0.9571,9.0019,0.0000,0.0000,0.0000,0.0000,0.0000,0.0000,0.0000,0.0000,0.0000,0.0000,0.0000,-11.667,-8.668,2.492,0.275,1.206,0.324293,0.589886,0.046334,0.019590,0.019897
172,929.00,2.000,-0.157,1.3385,4.6726,0.0000,21.4658,1.3929,64.8910,0.0000,2.2934,0.9613,8.9955,0.0000,0.0000,0.0000,0.0000,0.0000,0.0000,0.0000,0.0000,0.0000,0.0000,0.0000,-12.134,-9.018,2.592,0.286,1.255,0.324085,0.590048,0.046352,0.019678,0.019837
173,928.00,2.000,-0.176,1.3888,4.6731,0.0000,21.4578,1.3886,64.9053,0.0000,2.2940,0.9656,8.9887,0.0000,0.0000,0.0000,0.0000,0.0000,0.0000,0.0000,0.0000,0.0000,0.0000,0.0000,-12.586,-9.356,2.689,0.297,1.302,0.323866,0.590223,0.046368,0.019767,0.019776
174,927.00,2.000,-0.195,1.4376,4.6737,0.0000,21.4491,1.3841,64.9208,0.0000,2.2945,0.9698,8.9817,0.0000,0.0000,0.0000,0.0000,0.0000,0.0000,0.0000,0.0000,0.0000,0.0000,0.0000,-13.022,-9.684,2.782,0.308,1.347,0.323638,0.590411,0.046381,0.019855,0.019715
175,926.00,2.000,-0.213,1.4849,4.6742,0.0000,21.4398,1.3797,64.9373,0.0000,2.2949,0.9740,8.9743,0.0000,0.0000,0.0000,0.0000,0.0000,0.0000,0.0000,0.0000,0.0000,0.0000,0.0000,-13.446,-10.002,2.872,0.318,1.392,0.323400,0.590611,0.046393,0.019943,0.019653
176,925.00,2.000,-0.232,1.5310,4.6747,0.0000,21.4298,1.3751,64.9549,0.0000,2.2952,0.9783,8.9667,0.0000,0.0000,0.0000,0.0000,0.0000,0.0000,0.0000,0.0000,0.0000,0.0000,0.0000,-13.856,-10.310,2.960,0.327,1.435,0.323154,0.590821,0.046403,0.020031,0.019590
177,924.00,2.000,-0.250,1.5758,4.6753,0.0000,21.4193,1.3706,64.9733,0.0000,2.2954,0.9825,8.9589,0.0000,0.0000,0.0000,0.0000,0.0000,0.0000,0.0000,0.0000,0.0000,0.0000,0.0000,-14.256,-10.611,3.045,0.337,1.477,0.322900,0.591042,0.046412,0.020119,0.019527
178,923.00,2.000,-0.268,1.6195,4.6759,0.0000,21.4082,1.3660,64.9927,0.0000,2.2956,0.9867,8.9509,0.0000,0.0000,0.0000,0.0000,0.0000,0.0000,0.0000,0.0000,0.0000,0.0000,0.0000,-14.645,-10.903,3.128,0.346,1.517,0.322640,0.591271,0.046419,0.020207,0.019463
179,922.00,2.000,-0.286,1.6622,4.6764,0.0000,21.3967,1.3613,65.0128,0.0000,2.2957,0.9909,8.9426,0.0000,0.0000,0.0000,0.0000,0.0000,0.0000,0.0000,0.0000,0.0000,0.0000,0.0000,-15.024,-11.189,3.209,0.355,1.557,0.322372,0.591509,0.046425,0.020295,0.019399
180,921.00,2.000,-0.303,1.7039,4.6770,0.0000,21.3847,1.3567,65.0337,0.0000,2.2957,0.9951,8.9342,0.0000,0.0000,0.0000,0.0000,0.0000,0.0000,0.0000,0.0000,0.0000,0.0000,0.0000,-15.394,-11.468,3.288,0.364,1.596,0.322098,0.591755,0.046430,0.020383,0.019334
181,920.00,2.000,-0.321,1.7447,4.6776,0.0000,21.3723,1.3520,65.0552,0.0000,2.2957,0.9992,8.9255,0.0000,0.0000,0.0000,0.0000,0.0000,0.0000,0.0000,0.0000,0.0000,0.0000,0.0000,-15.755,-11.740,3.365,0.373,1.635,0.321819,0.592008,0.046434,0.020470,0.019269
182,919.00,2.000,-0.339,1.7847,4.6782,0.0000,21.3595,1.3473,65.0774,0.0000,2.2956,1.0034,8.9168,0.0000,0.0000,0.0000,0.0000,0.0000,0.0000,0.0000,0.0000,0.0000,0.0000,0.0000,-16.109,-12.007,3.441,0.381,1.672,0.321533,0.592268,0.046437,0.020558,0.019204
183,918.00,2.000,-0.356,1.8239,4.6788,0.0000,21.3463,1.3426,65.1002,0.0000,2.2955,1.0076,8.9078,0.0000,0.0000,0.0000,0.0000,0.0000,0.0000,0.0000,0.0000,0.0000,0.0000,0.0000,-16.455,-12.269,3.515,0.390,1.708,0.321243,0.592534,0.046439,0.020645,0.019139
184,917.00,2.000,-0.374,1.8624,4.6794,0.0000,21.3328,1.3378,65.1236,0.0000,2.2953,1.0117,8.8987,0.0000,0.0000,0.0000,0.0000,0.0000,0.0000,0.0000,0.0000,0.0000,0.0000,0.0000,-16.794,-12.525,3.587,0.398,1.744,0.320947,0.592807,0.046440,0.020732,0.019073
185,916.00,2.000,-0.391,1.9001,4.6801,0.0000,21.3189,1.3331,65.1476,0.0000,2.2951,1.0159,8.8895,0.0000,0.0000,0.0000,0.0000,0.0000,0.0000,0.0000,0.0000,0.0000,0.0000,0.0000,-17.126,-12.776,3.658,0.406,1.780,0.320647,0.593086,0.046441,0.020819,0.019008
186,915.00,2.000,-0.408,1.9372,4.6807,0.0000,21.3047,1.3284,65.1720,0.0000,2.2948,1.0200,8.8801,0.0000,0.0000,0.0000,0.0000,0.0000,0.0000,0.0000,0.0000,0.0000,0.0000,0.0000,-17.452,-13.023,3.728,0.414,1.814,0.320342,0.593370,0.046440,0.020906,0.018942
187,914.00,2.000,-0.425,1.9737,4.6813,0.0000,21.2902,1.3236,65.1969,0.0000,2.2946,1.0241,8.8706,0.0000,0.0000,0.0000,0.0000,0.0000,0.0000,0.0000,0.0000,0.0000,0.0000,0.0000,-17.772,-13.265,3.796,0.422,1.848,0.320033,0.593659,0.046440,0.020993,0.018876
188,913.00,2.000,-0.443,2.0096,4.6820,0.0000,21.2754,1.3188,65.2223,0.0000,2.2943,1.0282,8.8610,0.0000,0.0000,0.0000,0.0000,0.0000,0.0000,0.0000,0.0000,0.0000,0.0000,0.0000,-18.086,-13.504,3.863,0.429,1.882,0.319720,0.593953,0.046438,0.021079,0.018810
189,912.00,2.000,-0.460,2.0449,4.6826,0.0000,21.2603,1.3141,65.2481,0.0000,2.2939,1.0323,8.8513,0.0000,0.0000,0.0000,0.0000,0.0000,0.0000,0.0000,0.0000,0.0000,0.0000,0.0000,-18.395,-13.738,3.929,0.437,1.915,0.319403,0.594252,0.046437,0.021165,0.018744
190,911.00,2.000,-0.477,2.0797,4.6833,0.0000,21.2450,1.3093,65.2744,0.0000,2.2936,1.0364,8.8414,0.0000,0.0000,0.0000,0.0000,0.0000,0.0000,0.0000,0.0000,0.0000,0.0000,0.0000,-18.698,-13.968,3.994,0.444,1.947,0.319082,0.594555,0.046434,0.021251,0.018678
191,910.00,2.000,-0.494,2.1139,4.6839,0.0000,21.2294,1.3045,65.3010,0.0000,2.2932,1.0404,8.8315,0.0000,0.0000,0.0000,0.0000,0.0000,0.0000,0.0000,0.0000,0.0000,0.0000,0.0000,-18.997,-14.195,4.058,0.451,1.979,0.318758,0.594863,0.046431,0.021336,0.018612
192,909.00,2.000,-0.511,2.1477,4.6846,0.0000,21.2136,1.2997,65.3280,0.0000,2.2928,1.0445,8.8214,0.0000,0.0000,0.0000,0.0000,0.0000,0.0000,0.0000,0.0000,0.0000,0.0000,0.0000,-19.290,-14.419,4.121,0.458,2.011,0.318430,0.595174,0.046428,0.021422,0.018546
193,908.00,2.000,-0.528,2.1810,4.6852,0.0000,21.1975,1.2950,65.3554,0.0000,2.2923,1.0485,8.8113,0.0000,0.0000,0.0000,0.0000,0.0000,0.0000,0.0000,0.0000,0.0000,0.0000,0.0000,-19.579,-14.639,4.183,0.466,2.042,0.318099,0.595490,0.046425,0.021507,0.018480
194,907.00,2.000,-0.545,2.2139,4.6859,0.0000,21.1813,1.2902,65.3831,0.0000,2.2919,1.0525,8.8010,0.0000,0.0000,0.0000,0.0000,0.0000,0.0000,0.0000,0.0000,0.0000,0.0000,0.0000,-19.864,-14.856,4.244,0.472,2.072,0.317765,0.595809,0.046421,0.021591,0.018414
195,906.00,2.000,-0.562,2.2463,4.6866,0.0000,21.1648,1.2855,65.4111,0.0000,2.2914,1.0565,8.7907,0.0000,0.0000,0.0000,0.0000,0.0000,0.0000,0.0000,0.0000,0.0000,0.0000,0.0000,-20.145,-15.070,4.304,0.479,2.102,0.317428,0.596131,0.046416,0.021676,0.018348
196,905.00,2.000,-0.579,2.2783,4.6872,0.0000,21.1481,1.2807,65.4395,0.0000,2.2909,1.0605,8.7803,0.0000,0.0000,0.0000,0.0000,0.0000,0.0000,0.0000,0.0000,0.0000,0.0000,0.0000,-20.421,-15.281,4.363,0.486,2.132,0.317088,0.596457,0.046412,0.021760,0.018282
197,904.00,2.000,-0.596,2.3099,4.6879,0.0000,21.1312,1.2759,65.4681,0.0000,2.2904,1.0645,8.7698,0.0000,0.0000,0.0000,0.0000,0.0000,0.0000,0.0000,0.0000,0.0000,0.0000,0.0000,-20.694,-15.489,4.421,0.493,2.162,0.316746,0.596786,0.046407,0.021844,0.018217
198,903.00,2.000,-0.613,2.3411,4.6886,0.0000,21.1142,1.2712,65.4970,0.0000,2.2899,1.0684,8.7593,0.0000,0.0000,0.0000,0.0000,0.0000,0.0000,0.0000,0.0000,0.0000,0.0000,0.0000,-20.962,-15.694,4.479,0.499,2.191,0.316401,0.597119,0.046402,0.021927,0.018151
199,902.00,2.000,-0.630,2.3720,4.6893,0.0000,21.0969,1.2665,65.5262,0.0000,2.2894,1.0723,8.7486,0.0000,0.0000,0.0000,0.0000,0.0000,0.0000,0.0000,0.0000,0.0000,0.0000,0.0000,-21.227,-15.897,4.536,0.506,2.219,0.316053,0.597454,0.046397,0.022011,0.018086
200,901.00,2.000,-0.647,2.4025,4.6900,0.0000,21.0795,1.2617,65.5557,0.0000,2.2888,1.0763,8.7379,0.0000,0.0000,0.0000,0.0000,0.0000,0.0000,0.0000,0.0000,0.0000,0.0000,0.0000,-21.489,-16.097,4.592,0.512,2.248,0.315703,0.597792,0.046391,0.022094,0.018020
201,900.00,2.000,-0.664,2.4326,4.6907,0.0000,21.0620,1.2570,65.5854,0.0000,2.2883,1.0802,8.7272,0.0000,0.0000,0.0000,0.0000,0.0000,0.0000,0.0000,0.0000,0.0000,0.0000,0.0000,-21.747,-16.295,4.647,0.519,2.276,0.315351,0.598133,0.046385,0.022176,0.017955
202,899.00,2.000,-0.681,2.4624,4.6914,0.0000,21.0442,1.2523,65.6154,0.0000,2.2877,1.0840,8.7163,0.0000,0.0000,0.0000,0.0000,0.0000,0.0000,0.0000,0.0000,0.0000,0.0000,0.0000,-22.002,-16.490,4.702,0.525,2.304,0.314997,0.598476,0.046379,0.022258,0.017890
203,898.00,2.000,-0.698,2.4919,4.6921,0.0000,21.0263,1.2476,65.6455,0.0000,2.2872,1.0879,8.7054,0.0000,0.0000,0.0000,0.0000,0.0000,0.0000,0.0000,0.0000,0.0000,0.0000,0.0000,-22.253,-16.684,4.756,0.531,2.331,0.314640,0.598822,0.046373,0.022340,0.017825
204,897.00,2.000,-0.715,2.5211,4.6928,0.0000,21.0083,1.2429,65.6760,0.0000,2.2866,1.0917,8.6945,0.0000,0.0000,0.0000,0.0000,0.0000,0.0000,0.0000,0.0000,0.0000,0.0000,0.0000,-22.502,-16.874,4.809,0.537,2.358,0.314282,0.599170,0.046367,0.022421,0.017760
205,896.00,2.000,-0.732,2.5500,4.6935,0.0000,20.9901,1.2383,65.7066,0.0000,2.2860,1.0955,8.6835,0.0000,0.0000,0.0000,0.0000,0.0000,0.0000,0.0000,0.0000,0.0000,0.0000,0.0000,-22.747,-17.063,4.862,0.543,2.385,0.313921,0.599520,0.046361,0.022503,0.017695
206,895.00,2.000,-0.748,2.5786,4.6942,0.0000,20.9718,1.2336,65.7374,0.0000,2.2854,1.0993,8.6724,0.0000,0.0000,0.0000,0.0000,0.0000,0.0000,0.0000,0.0000,0.0000,0.0000,0.0000,-22.990,-17.250,4.914,0.549,2.411,0.313559,0.599873,0.046354,0.022583,0.017631
207,894.00,2.000,-0.765,2.6069,4.6949,0.0000,20.9534,1.2289,65.7684,0.0000,2.2848,1.1031,8.6613,0.0000,0.0000,0.0000,0.0000,0.0000,0.0000,0.0000,0.0000,0.0000,0.0000,0.0000,-23.230,-17.434,4.965,0.555,2.438,0.313194,0.600228,0.046348,0.022664,0.017566
208,893.00,2.000,-0.782,2.6349,4.6956,0.0000,20.9349,1.2243,65.7996,0.0000,2.2842,1.1069,8.6502,0.0000,0.0000,0.0000,0.0000,0.0000,0.0000,0.0000,0.0000,0.0000,0.0000,0.0000,-23.467,-17.617,5.016,0.561,2.464,0.312829,0.600585,0.046341,0.022744,0.017502
209,892.00,2.000,-0.799,2.6626,4.6963,0.0000,20.9162,1.2197,65.8310,0.0000,2.2836,1.1106,8.6390,0.0000,0.0000,0.0000,0.0000,0.0000,0.0000,0.0000,0.0000,0.0000,0.0000,0.0000,-23.701,-17.798,5.067,0.567,2.490,0.312461,0.600944,0.046334,0.022823,0.017438
210,891.00,2.000,-0.816,2.6901,4.6970,0.0000,20.8974,1.2151,65.8625,0.0000,2.2830,1.1143,8.6277,0.0000,0.0000,0.0000,0.0000,0.0000,0.0000,0.0000,0.0000,0.0000,0.0000,0.0000,-23.933,-17.976,5.116,0.573,2.515,0.312092,0.601304,0.046327,0.022902,0.017374
211,890.00,2.000,-0.833,2.7174,4.6977,0.0000,20.8785,1.2105,65.8942,0.0000,2.2824,1.1180,8.6164,0.0000,0.0000,0.0000,0.0000,0.0000,0.0000,0.0000,0.0000,0.0000,0.0000,0.0000,-24.162,-18.153,5.166,0.578,2.540,0.311721,0.601667,0.046320,0.022981,0.017311
212,889.00,2.000,-0.850,2.7444,4.6984,0.0000,20.8595,1.2059,65.9261,0.0000,2.2817,1.1217,8.6051,0.0000,0.0000,0.0000,0.0000,0.0000,0.0000,0.0000,0.0000,0.0000,0.0000,0.0000,-24.388,-18.329,5.214,0.584,2.565,0.311349,0.602031,0.046313,0.023059,0.017247
213,888.00,2.000,-0.867,2.7711,4.6991,0.0000,20.8403,1.2013,65.9582,0.0000,2.2811,1.1254,8.5937,0.0000,0.0000,0.0000,0.0000,0.0000,0.0000,0.0000,0.0000,0.0000,0.0000,0.0000,-24.613,-18.502,5.262,0.590,2.590,0.310976,0.602397,0.046306,0.023137,0.017184
214,887.00,2.000,-0.884,2.7976,4.6999,0.0000,20.8211,1.1968,65.9903,0.0000,2.2805,1.1290,8.5823,0.0000,0.0000,0.0000,0.0000,0.0000,0.0000,0.0000,0.0000,0.0000,0.0000,0.0000,-24.834,-18.674,5.310,0.595,2.615,0.310601,0.602764,0.046299,0.023215,0.017121
215,886.00,2.000,-0.901,2.8239,4.7006,0.0000,20.8018,1.1923,66.0226,0.0000,2.2798,1.1326,8.5709,0.0000,0.0000,0.0000,0.0000,0.0000,0.0000,0.0000,0.0000,0.0000,0.0000,0.0000,-25.054,-18.844,5.357,0.601,2.639,0.310225,0.603133,0.046292,0.023292,0.017058
216,885.00,2.000,-0.918,2.8500,4.7013,0.0000,20.7824,1.1877,66.0551,0.0000,2.2792,1.1362,8.5594,0.0000,0.0000,0.0000,0.0000,0.0000,0.0000,0.0000,0.0000,0.0000,0.0000,0.0000,-25.271,-19.012,5.404,0.606,2.663,0.309847,0.603504,0.046284,0.023369,0.016996
217,884.00,2.000,-0.935,2.8759,4.7020,0.0000,20.7629,1.1832,66.0877,0.0000,2.2786,1.1398,8.5479,0.0000,0.0000,0.0000,0.0000,0.0000,0.0000,0.0000,0.0000,0.0000,0.0000,0.0000,-25.486,-19.179,5.450,0.612,2.687,0.309469,0.603876,0.046277,0.023445,0.016933
218,883.00,2.000,-0.952,2.9015,4.7028,0.0000,20.7433,1.1787,66.1204,0.0000,2.2779,1.1433,8.5363,0.0000,0.0000,0.0000,0.0000,0.0000,0.0000,0.0000,0.0000,0.0000,0.0000,0.0000,-25.699,-19.345,5.496,0.617,2.711,0.309089,0.604249,0.046270,0.023521,0.016871
219,882.00,2.000,-0.969,2.9269,4.7035,0.0000,20.7236,1.1743,66.1532,0.0000,2.2773,1.1468,8.5248,0.0000,0.0000,0.0000,0.0000,0.0000,0.0000,0.0000,0.0000,0.0000,0.0000,0.0000,-25.910,-19.509,5.542,0.622,2.734,0.308708,0.604624,0.046263,0.023596,0.016809
220,881.00,2.000,-0.986,2.9522,4.7042,0.0000,20.7038,1.1698,66.1862,0.0000,2.2766,1.1503,8.5132,0.0000,0.0000,0.0000,0.0000,0.0000,0.0000,0.0000,0.0000,0.0000,0.0000,0.0000,-26.119,-19.671,5.586,0.628,2.758,0.308326,0.604999,0.046255,0.023671,0.016748
221,880.00,2.000,-1.003,2.9772,4.7049,0.0000,20.6840,1.1654,66.2192,0.0000,2.2760,1.1538,8.5016,0.0000,0.0000,0.0000,0.0000,0.0000,0.0000,0.0000,0.0000,0.0000,0.0000,0.0000,-26.326,-19.832,5.631,0.633,2.781,0.307943,0.605377,0.046248,0.023746,0.016686
222,879.00,2.000,-1.020,3.0020,4.7057,0.0000,20.6641,1.1610,66.2524,0.0000,2.2754,1.1573,8.4899,0.0000,0.0000,0.0000,0.0000,0.0000,0.0000,0.0000,0.0000,0.0000,0.0000,0.0000,-26.530,-19.992,5.675,0.638,2.804,0.307560,0.605755,0.046241,0.023820,0.016625
223,878.00,2.000,-1.037,3.0267,4.7064,0.0000,20.6441,1.1566,66.2857,0.0000,2.2747,1.1607,8.4782,0.0000,0.0000,0.0000,0.0000,0.0000,0.0000,0.0000,0.0000,0.0000,0.0000,0.0000,-26.733,-20.150,5.719,0.643,2.827,0.307175,0.606134,0.046233,0.023894,0.016564
224,877.00,2.000,-1.054,3.0512,4.7071,0.0000,20.6241,1.1522,66.3190,0.0000,2.2741,1.1641,8.4665,0.0000,0.0000,0.0000,0.0000,0.0000,0.0000,0.0000,0.0000,0.0000,0.0000,0.0000,-26.934,-20.307,5.762,0.648,2.849,0.306789,0.606515,0.046226,0.023967,0.016503
225,876.00,2.000,-1.071,3.0754,4.7079,0.0000,20.6039,1.1478,66.3525,0.0000,2.2734,1.1675,8.4548,0.0000,0.0000,0.0000,0.0000,0.0000,0.0000,0.0000,0.0000,0.0000,0.0000,0.0000,-27.133,-20.463,5.805,0.653,2.872,0.306403,0.606896,0.046218,0.024040,0.016443
226,875.00,2.000,-1.088,3.0996,4.7086,0.0000,20.5837,1.1434,66.3861,0.0000,2.2728,1.1709,8.4431,0.0000,0.0000,0.0000,0.0000,0.0000,0.0000,0.0000,0.0000,0.0000,0.0000,0.0000,-27.331,-20.617,5.847,0.658,2.894,0.306016,0.607279,0.046211,0.024112,0.016382
227,874.00,2.000,-1.106,3.1235,4.7093,0.0000,20.5635,1.1391,66.4197,0.0000,2.2721,1.1742,8.4313,0.0000,0.0000,0.0000,0.0000,0.0000,0.0000,0.0000,0.0000,0.0000,0.0000,0.0000,-27.526,-20.770,5.890,0.663,2.916,0.305628,0.607663,0.046204,0.024184,0.016322
228,873.00,2.000,-1.123,3.1473,4.7101,0.0000,20.5432,1.1348,66.4535,0.0000,2.2715,1.1776,8.4196,0.0000,0.0000,0.0000,0.0000,0.0000,0.0000,0.0000,0.0000,0.0000,0.0000,0.0000,-27.720,-20.922,5.931,0.668,2.938,0.305239,0.608047,0.046196,0.024255,0.016262
229,872.00,2.000,-1.139,3.1744,4.7109,0.0000,20.5165,1.1298,66.4976,0.0000,2.2709,1.1802,8.4049,0.0000,0.0000,0.0000,0.0000,0.0000,0.0000,0.0000,0.0000,0.0000,0.0000,0.0000,-27.941,-21.094,5.979,0.674,2.963,0.304756,0.608545,0.046192,0.024314,0.016194
230,871.00,2.000,-1.150,3.2428,4.7133,0.0000,20.4166,1.1173,66.6623,0.0000,2.2711,1.1756,8.3571,0.0000,0.0000,0.0000,0.0000,0.0000,0.0000,0.0000,0.0000,0.0000,0.0000,0.0000,-28.493,-21.510,6.103,0.688,3.026,0.303171,0.610357,0.046218,0.024231,0.016023
231,870.00,2.000,-1.161,3.3103,4.7157,0.0000,20.3175,1.1050,66.8256,0.0000,2.2713,1.1710,8.3096,0.0000,0.0000,0.0000,0.0000,0.0000,0.0000,0.0000,0.0000,0.0000,0.0000,0.0000,-29.036,-21.920,6.225,0.702,3.088,0.301598,0.612155,0.046245,0.024148,0.015854
232,869.00,2.000,-1.173,3.3770,4.7180,0.0000,20.2193,1.0930,66.9873,0.0000,2.2715,1.1665,8.2624,0.0000,0.0000,0.0000,0.0000,0.0000,0.0000,0.0000,0.0000,0.0000,0.0000,0.0000,-29.570,-22.322,6.345,0.716,3.150,0.300034,0.613938,0.046273,0.024067,0.015689
233,868.00,2.000,-1.184,3.4428,4.7204,0.0000,20.1218,1.0811,67.1476,0.0000,2.2718,1.1620,8.2157,0.0000,0.0000,0.0000,0.0000,0.0000,0.0000,0.0000,0.0000,0.0000,0.0000,0.0000,-30.095,-22.718,6.464,0.729,3.210,0.298481,0.615706,0.046300,0.023987,0.015526
234,867.00,2.000,-1.196,3.5078,4.7227,0.0000,20.0252,1.0694,67.3065,0.0000,2.2720,1.1576,8.1693,0.0000,0.0000,0.0000,0.0000,0.0000,0.0000,0.0000,0.0000,0.0000,0.0000,0.0000,-30.611,-23.108,6.581,0.743,3.270,0.296939,0.617460,0.046328,0.023907,0.015365
235,866.00,2.000,-1.207,3.5721,4.7250,0.0000,19.9294,1.0579,67.4639,0.0000,2.2723,1.1533,8.1232,0.0000,0.0000,0.0000,0.0000,0.0000,0.0000,0.0000,0.0000,0.0000,0.0000,0.0000,-31.120,-23.492,6.696,0.756,3.329,0.295406,0.619200,0.046357,0.023829,0.015208
236,865.00,2.000,-1.219,3.6357,4.7273,0.0000,19.8343,1.0466,67.6199,0.0000,2.2727,1.1490,8.0775,0.0000,0.0000,0.0000,0.0000,0.0000,0.0000,0.0000,0.0000,0.0000,0.0000,0.0000,-31.620,-23.870,6.810,0.769,3.387,0.293884,0.620926,0.046385,0.023752,0.015052
237,864.00,2.000,-1.231,3.6985,4.7295,0.0000,19.7401,1.0355,67.7744,0.0000,2.2730,1.1448,8.0322,0.0000,0.0000,0.0000,0.0000,0.0000,0.0000,0.0000,0.0000,0.0000,0.0000,0.0000,-32.113,-24.242,6.922,0.782,3.445,0.292371,0.622639,0.046414,0.023676,0.014900
238,863.00,2.000,-1.243,3.7607,4.7318,0.0000,19.6466,1.0246,67.9276,0.0000,2.2734,1.1406,7.9872,0.0000,0.0000,0.0000,0.0000,0.0000,0.0000,0.0000,0.0000,0.0000,0.0000,0.0000,-32.599,-24.609,7.033,0.795,3.502,0.290869,0.624337,0.046444,0.023600,0.014749
239,862.00,2.000,-1.256,3.8222,4.7340,0.0000,19.5539,1.0138,68.0795,0.0000,2.2738,1.1365,7.9425,0.0000,0.0000,0.0000,0.0000,0.0000,0.0000,0.0000,0.0000,0.0000,0.0000,0.0000,-33.078,-24.970,7.142,0.807,3.558,0.289377,0.626022,0.046474,0.023526,0.014601
240,861.00,2.000,-1.268,3.8831,4.7362,0.0000,19.4619,1.0032,68.2300,0.0000,2.2743,1.1324,7.8982,0.0000,0.0000,0.0000,0.0000,0.0000,0.0000,0.0000,0.0000,0.0000,0.0000,0.0000,-33.550,-25.327,7.250,0.820,3.614,0.287894,0.627694,0.046504,0.023452,0.014455
241,860.00,2.000,-1.281,3.9433,4.7384,0.0000,19.3707,0.9928,68.3791,0.0000,2.2747,1.1284,7.8542,0.0000,0.0000,0.0000,0.0000,0.0000,0.0000,0.0000,0.0000,0.0000,0.0000,0.0000,-34.015,-25.679,7.357,0.832,3.669,0.286421,0.629353,0.046535,0.023379,0.014312
242,859.00,2.000,-1.294,4.0030,4.7406,0.0000,19.2802,0.9826,68.5270,0.0000,2.2752,1.1244,7.8106,0.0000,0.0000,0.0000,0.0000,0.0000,0.0000,0.0000,0.0000,0.0000,0.0000,0.0000,-34.474,-26.026,7.462,0.844,3.723,0.284958,0.630998,0.046566,0.023307,0.014171
243,858.00,2.000,-1.307,4.0621,4.7428,0.0000,19.1905,0.9725,68.6735,0.0000,2.2758,1.1204,7.7673,0.0000,0.0000,0.0000,0.0000,0.0000,0.0000,0.0000,0.0000,0.0000,0.0000,0.0000,-34.927,-26.368,7.567,0.856,3.777,0.283505,0.632630,0.046598,0.023236,0.014031
244,857.00,2.000,-1.320,4.1207,4.7449,0.0000,19.1015,0.9626,68.8187,0.0000,2.2763,1.1165,7.7243,0.0000,0.0000,0.0000,0.0000,0.0000,0.0000,0.0000,0.0000,0.0000,0.0000,0.0000,-35.374,-26.706,7.670,0.868,3.831,0.282061,0.634249,0.046631,0.023165,0.013894
245,856.00,2.000,-1.333,4.1787,4.7471,0.0000,19.0133,0.9528,68.9627,0.0000,2.2769,1.1127,7.6816,0.0000,0.0000,0.0000,0.0000,0.0000,0.0000,0.0000,0.0000,0.0000,0.0000,0.0000,-35.815,-27.040,7.772,0.880,3.884,0.280626,0.635856,0.046663,0.023095,0.013759
246,855.00,2.000,-1.346,4.2362,4.7492,0.0000,18.9257,0.9432,69.1054,0.0000,2.2776,1.1089,7.6393,0.0000,0.0000,0.0000,0.0000,0.0000,0.0000,0.0000,0.0000,0.0000,0.0000,0.0000,-36.251,-27.369,7.873,0.892,3.936,0.279201,0.637450,0.046697,0.023026,0.013627
247,854.00,2.000,-1.360,4.2932,4.7513,0.0000,18.8389,0.9337,69.2468,0.0000,2.2782,1.1051,7.5972,0.0000,0.0000,0.0000,0.0000,0.0000,0.0000,0.0000,0.0000,0.0000,0.0000,0.0000,-36.681,-27.695,7.972,0.904,3.988,0.277785,0.639031,0.046730,0.022958,0.013496
248,853.00,2.000,-1.374,4.3497,4.7534,0.0000,18.7528,0.9244,69.3870,0.0000,2.2789,1.1013,7.5555,0.0000,0.0000,0.0000,0.0000,0.0000,0.0000,0.0000,0.0000,0.0000,0.0000,0.0000,-37.106,-28.017,8.071,0.915,4.040,0.276378,0.640600,0.046765,0.022890,0.013367
249,852.00,2.000,-1.388,4.4057,4.7555,0.0000,18.6673,0.9152,69.5260,0.0000,2.2797,1.0977,7.5141,0.0000,0.0000,0.0000,0.0000,0.0000,0.0000,0.0000,0.0000,0.0000,0.0000,0.0000,-37.525,-28.334,8.169,0.926,4.091,0.274981,0.642157,0.046800,0.022823,0.013240
250,851.00,2.000,-1.400,4.4667,4.7578,0.0000,18.5713,0.9052,69.6825,0.0000,2.2795,1.0934,7.4682,0.0000,0.0000,0.0000,0.0000,0.0000,0.0000,0.0000,0.0000,0.0000,0.0000,0.0000,-37.980,-28.678,8.275,0.939,4.146,0.273429,0.643907,0.046818,0.022745,0.013101
251,850.00,2.000,-1.412,4.5297,4.7602,0.0000,18.4710,0.8949,69.8458,0.0000,2.2789,1.0889,7.4204,0.0000,0.0000,0.0000,0.0000,0.0000,0.0000,0.0000,0.0000,0.0000,0.0000,0.0000,-38.447,-29.030,8.385,0.952,4.203,0.271815,0.645734,0.046830,0.022663,0.012959
252,849.00,2.000,-1.424,4.5922,4.7625,0.0000,18.3714,0.8848,70.0078,0.0000,2.2785,1.0845,7.3730,0.0000,0.0000,0.0000,0.0000,0.0000,0.0000,0.0000,0.0000,0.0000,0.0000,0.0000,-38.910,-29.379,8.493,0.964,4.260,0.270209,0.647548,0.046843,0.022582,0.012818
253,848.00,2.000,-1.436,4.6545,4.7649,0.0000,18.2725,0.8749,70.1686,0.0000,2.2780,1.0801,7.3259,0.0000,0.0000,0.0000,0.0000,0.0000,0.0000,0.0000,0.0000,0.0000,0.0000,0.0000,-39.368,-29.725,8.601,0.977,4.317,0.268613,0.649350,0.046857,0.022501,0.012680
254,847.00,2.000,-1.448,4.7163,4.7672,0.0000,18.1744,0.8651,70.3281,0.0000,2.2776,1.0757,7.2791,0.0000,0.0000,0.0000,0.0000,0.0000,0.0000,0.0000,0.0000,0.0000,0.0000,0.0000,-39.822,-30.067,8.708,0.989,4.373,0.267024,0.651139,0.046872,0.022421,0.012544
255,846.00,2.000,-1.461,4.7779,4.7696,0.0000,18.0769,0.8554,70.4864,0.0000,2.2773,1.0714,7.2325,0.0000,0.0000,0.0000,0.0000,0.0000,0.0000,0.0000,0.0000,0.0000,0.0000,0.0000,-40.272,-30.407,8.815,1.002,4.429,0.265445,0.652916,0.046887,0.022341,0.012411
256,845.00,2.000,-1.474,4.8391,4.7719,0.0000,17.9802,0.8460,70.6434,0.0000,2.2771,1.0671,7.1863,0.0000,0.0000,0.0000,0.0000,0.0000,0.0000,0.0000,0.0000,0.0000,0.0000,0.0000,-40.717,-30.743,8.920,1.014,4.484,0.263874,0.654682,0.046904,0.022262,0.012279
257,844.00,2.000,-1.487,4.9000,4.7742,0.0000,17.8841,0.8366,70.7992,0.0000,2.2769,1.0628,7.1404,0.0000,0.0000,0.0000,0.0000,0.0000,0.0000,0.0000,0.0000,0.0000,0.0000,0.0000,-41.159,-31.077,9.025,1.026,4.540,0.262311,0.656435,0.046922,0.022184,0.012149
258,843.00,2.000,-1.500,4.9607,4.7764,0.0000,17.7887,0.8274,70.9539,0.0000,2.2767,1.0586,7.0947,0.0000,0.0000,0.0000,0.0000,0.0000,0.0000,0.0000,0.0000,0.0000,0.0000,0.0000,-41.597,-31.407,9.129,1.039,4.594,0.260756,0.658177,0.046941,0.022106,0.012021
259,842.00,2.000,-1.514,5.0210,4.7787,0.0000,17.6940,0.8183,71.1073,0.0000,2.2766,1.0544,7.0494,0.0000,0.0000,0.0000,0.0000,0.0000,0.0000,0.0000,0.0000,0.0000,0.0000,0.0000,-42.032,-31.736,9.233,1.051,4.649,0.259209,0.659907,0.046961,0.022028,0.011895
260,841.00,2.000,-1.528,5.0811,4.7810,0.0000,17.5999,0.8094,71.2596,0.0000,2.2766,1.0502,7.0043,0.0000,0.0000,0.0000,0.0000,0.0000,0.0000,0.0000,0.0000,0.0000,0.0000,0.0000,-42.463,-32.061,9.336,1.063,4.703,0.257671,0.661626,0.046982,0.021952,0.011770
261,840.00,2.000,-1.542,5.1409,4.7832,0.0000,17.5064,0.8006,71.4107,0.0000,2.2766,1.0461,6.9595,0.0000,0.0000,0.0000,0.0000,0.0000,0.0000,0.0000,0.0000,0.0000,0.0000,0.0000,-42.890,-32.384,9.438,1.075,4.757,0.256140,0.663333,0.047004,0.021875,0.011648
262,839.00,2.000,-1.556,5.2005,4.7854,0.0000,17.4136,0.7919,71.5607,0.0000,2.2767,1.0420,6.9150,0.0000,0.0000,0.0000,0.0000,0.0000,0.0000,0.0000,0.0000,0.0000,0.0000,0.0000,-43.314,-32.705,9.540,1.087,4.811,0.254617,0.665029,0.047027,0.021800,0.011527
263,838.00,2.000,-1.570,5.2598,4.7876,0.0000,17.3215,0.7834,71.7096,0.0000,2.2768,1.0379,6.8707,0.0000,0.0000,0.0000,0.0000,0.0000,0.0000,0.0000,0.0000,0.0000,0.0000,0.0000,-43.735,-33.023,9.640,1.099,4.865,0.253102,0.666714,0.047051,0.021724,0.011408
264,837.00,2.000,-1.585,5.3189,4.7898,0.0000,17.2300,0.7750,71.8574,0.0000,2.2770,1.0339,6.8267,0.0000,0.0000,0.0000,0.0000,0.0000,0.0000,0.0000,0.0000,0.0000,0.0000,0.0000,-44.153,-33.339,9.741,1.110,4.918,0.251595,0.668388,0.047076,0.021650,0.011290
265,836.00,2.000,-1.600,5.3777,4.7920,0.0000,17.1391,0.7667,72.0040,0.0000,2.2773,1.0299,6.7830,0.0000,0.0000,0.0000,0.0000,0.0000,0.0000,0.0000,0.0000,0.0000,0.0000,0.0000,-44.568,-33.653,9.841,1.122,4.971,0.250096,0.670052,0.047103,0.021575,0.011175
266,835.00,2.000,-1.615,5.4364,4.7942,0.0000,17.0488,0.7586,72.1496,0.0000,2.2776,1.0259,6.7396,0.0000,0.0000,0.0000,0.0000,0.0000,0.0000,0.0000,0.0000,0.0000,0.0000,0.0000,-44.980,-33.965,9.940,1.134,5.024,0.248603,0.671704,0.047130,0.021502,0.011061
267,834.00,2.000,-1.631,5.4948,4.7964,0.0000,16.9591,0.7505,72.2940,0.0000,2.2780,1.0220,6.6964,0.0000,0.0000,0.0000,0.0000,0.0000,0.0000,0.0000,0.0000,0.0000,0.0000,0.0000,-45.389,-34.275,10.039,1.146,5.077,0.247119,0.673346,0.047159,0.021428,0.010948
268,833.00,2.000,-1.646,5.5531,4.7985,0.0000,16.8701,0.7426,72.4374,0.0000,2.2784,1.0181,6.6534,0.0000,0.0000,0.0000,0.0000,0.0000,0.0000,0.0000,0.0000,0.0000,0.0000,0.0000,-45.796,-34.583,10.137,1.157,5.129,0.245642,0.674977,0.047189,0.021355,0.010837
269,832.00,2.000,-1.662,5.6112,4.8007,0.0000,16.7816,0.7348,72.5798,0.0000,2.2789,1.0142,6.6107,0.0000,0.0000,0.0000,0.0000,0.0000,0.0000,0.0000,0.0000,0.0000,0.0000,0.0000,-46.199,-34.889,10.235,1.169,5.182,0.244172,0.676598,0.047220,0.021283,0.010728
270,831.00,2.000,-1.678,5.6690,4.8028,0.0000,16.6938,0.7271,72.7211,0.0000,2.2795,1.0103,6.5683,0.0000,0.0000,0.0000,0.0000,0.0000,0.0000,0.0000,0.0000,0.0000,0.0000,0.0000,-46.600,-35.193,10.332,1.180,5.234,0.242709,0.678208,0.047252,0.021211,0.010620
271,830.00,2.000,-1.695,5.7268,4.8049,0.0000,16.6065,0.7195,72.8613,0.0000,2.2801,1.0065,6.5261,0.0000,0.0000,0.0000,0.0000,0.0000,0.0000,0.0000,0.0000,0.0000,0.0000,0.0000,-46.999,-35.495,10.429,1.192,5.286,0.241254,0.679808,0.047285,0.021140,0.010514
272,829.00,2.000,-1.711,5.7843,4.8070,0.0000,16.5199,0.7120,73.0005,0.0000,2.2808,1.0027,6.4842,0.0000,0.0000,0.0000,0.0000,0.0000,0.0000,0.0000,0.0000,0.0000,0.0000,0.0000,-47.395,-35.795,10.525,1.203,5.337,0.239806,0.681397,0.047320,0.021069,0.010409
273,828.00,2.000,-1.728,5.8417,4.8091,0.0000,16.4338,0.7046,73.1387,0.0000,2.2816,0.9989,6.4425,0.0000,0.0000,0.0000,0.0000,0.0000,0.0000,0.0000,0.0000,0.0000,0.0000,0.0000,-47.789,-36.094,10.621,1.215,5.389,0.238365,0.682976,0.047356,0.020998,0.010305
274,827.00,2.000,-1.745,5.8989,4.8112,0.0000,16.3483,0.6973,73.2758,0.0000,2.2824,0.9951,6.4010,0.0000,0.0000,0.0000,0.0000,0.0000,0.0000,0.0000,0.0000,0.0000,0.0000,0.0000,-48.181,-36.391,10.716,1.226,5.440,0.236930,0.684546,0.047393,0.020928,0.010203
275,826.00,2.000,-1.762,5.9560,4.8133,0.0000,16.2634,0.6902,73.4120,0.0000,2.2833,0.9914,6.3598,0.0000,0.0000,0.0000,0.0000,0.0000,0.0000,0.0000,0.0000,0.0000,0.0000,0.0000,-48.570,-36.687,10.811,1.237,5.492,0.235503,0.686105,0.047431,0.020858,0.010103
276,825.00,2.000,-1.780,6.0129,4.8153,0.0000,16.1790,0.6831,73.5471,0.0000,2.2842,0.9877,6.3188,0.0000,0.0000,0.0000,0.0000,0.0000,0.0000,0.0000,0.0000,0.0000,0.0000,0.0000,-48.957,-36.981,10.906,1.249,5.543,0.234083,0.687654,0.047471,0.020789,0.010003
277,824.00,2.000,-1.798,6.0697,4.8174,0.0000,16.0952,0.6761,73.6813,0.0000,2.2853,0.9840,6.2781,0.0000,0.0000,0.0000,0.0000,0.0000,0.0000,0.0000,0.0000,0.0000,0.0000,0.0000,-49.342,-37.273,11.000,1.260,5.594,0.232670,0.689193,0.047512,0.020720,0.009905
278,823.00,2.000,-1.816,6.1264,4.8194,0.0000,16.0120,0.6693,73.8144,0.0000,2.2864,0.9804,6.2376,0.0000,0.0000,0.0000,0.0000,0.0000,0.0000,0.0000,0.0000,0.0000,0.0000,0.0000,-49.725,-37.564,11.094,1.271,5.644,0.231264,0.690722,0.047554,0.020652,0.009809
279,822.00,2.000,-1.834,6.1829,4.8214,0.0000,15.9294,0.6625,73.9466,0.0000,2.2875,0.9767,6.1973,0.0000,0.0000,0.0000,0.0000,0.0000,0.0000,0.0000,0.0000,0.0000,0.0000,0.0000,-50.105,-37.854,11.187,1.282,5.695,0.229864,0.692241,0.047598,0.020584,0.009713
280,821.00,2.000,-1.852,6.2393,4.8234,0.0000,15.8473,0.6558,74.0778,0.0000,2.2888,0.9731,6.1572,0.0000,0.0000,0.0000,0.0000,0.0000,0.0000,0.0000,0.0000,0.0000,0.0000,0.0000,-50.484,-38.142,11.280,1.294,5.745,0.228471,0.693751,0.047643,0.020516,0.009619
281,820.00,2.000,-1.871,6.2956,4.8254,0.0000,15.7658,0.6492,74.2080,0.0000,2.2901,0.9695,6.1174,0.0000,0.0000,0.0000,0.0000,0.0000,0.0000,0.0000,0.0000,0.0000,0.0000,0.0000,-50.861,-38.429,11.373,1.305,5.796,0.227085,0.695251,0.047689,0.020449,0.009526
282,819.00,2.000,-1.890,6.3517,4.8274,0.0000,15.6849,0.6427,74.3372,0.0000,2.2915,0.9660,6.0778,0.0000,0.0000,0.0000,0.0000,0.0000,0.0000,0.0000,0.0000,0.0000,0.0000,0.0000,-51.236,-38.714,11.465,1.316,5.846,0.225706,0.696741,0.047737,0.020382,0.009434
283,818.00,2.000,-1.909,6.4078,4.8294,0.0000,15.6044,0.6363,74.4655,0.0000,2.2929,0.9625,6.0384,0.0000,0.0000,0.0000,0.0000,0.0000,0.0000,0.0000,0.0000,0.0000,0.0000,0.0000,-51.609,-38.999,11.557,1.327,5.896,0.224333,0.698221,0.047786,0.020316,0.009344
284,817.00,2.000,-1.929,6.4637,4.8314,0.0000,15.5246,0.6299,74.5928,0.0000,2.2944,0.9590,5.9993,0.0000,0.0000,0.0000,0.0000,0.0000,0.0000,0.0000,0.0000,0.0000,0.0000,0.0000,-51.981,-39.282,11.649,1.338,5.946,0.222967,0.699691,0.047837,0.020250,0.009255
285,816.00,2.000,-1.949,6.5195,4.8333,0.0000,15.4453,0.6237,74.7191,0.0000,2.2960,0.9555,5.9604,0.0000,0.0000,0.0000,0.0000,0.0000,0.0000,0.0000,0.0000,0.0000,0.0000,0.0000,-52.350,-39.564,11.740,1.349,5.996,0.221607,0.701152,0.047889,0.020184,0.009167
286,815.00,2.000,-1.969,6.5752,4.8353,0.0000,15.3666,0.6175,74.8445,0.0000,2.2977,0.9520,5.9217,0.0000,0.0000,0.0000,0.0000,0.0000,0.0000,0.0000,0.0000,0.0000,0.0000,0.0000,-52.718,-39.844,11.831,1.360,6.046,0.220254,0.702603,0.047943,0.020119,0.009080
287,814.00,2.000,-1.989,6.6309,4.8372,0.0000,15.2884,0.6115,74.9689,0.0000,2.2995,0.9486,5.8832,0.0000,0.0000,0.0000,0.0000,0.0000,0.0000,0.0000,0.0000,0.0000,0.0000,0.0000,-53.084,-40.124,11.922,1.371,6.095,0.218908,0.704045,0.047998,0.020055,0.008994
288,813.00,2.000,-2.009,6.6864,4.8392,0.0000,15.2107,0.6055,75.0924,0.0000,2.3013,0.9452,5.8449,0.0000,0.0000,0.0000,0.0000,0.0000,0.0000,0.0000,0.0000,0.0000,0.0000,0.0000,-53.449,-40.402,12.012,1.382,6.145,0.217568,0.705477,0.048055,0.019991,0.008909
289,812.00,2.000,-2.030,6.7418,4.8411,0.0000,15.1336,0.5996,75.2149,0.0000,2.3032,0.9418,5.8068,0.0000,0.0000,0.0000,0.0000,0.0000,0.0000,0.0000,0.0000,0.0000,0.0000,0.0000,-53.812,-40.679,12.102,1.393,6.194,0.216235,0.706899,0.048114,0.019927,0.008825
290,811.00,2.000,-2.051,6.7971,4.8430,0.0000,15.0570,0.5937,75.3365,0.0000,2.3052,0.9385,5.7690,0.0000,0.0000,0.0000,0.0000,0.0000,0.0000,0.0000,0.0000,0.0000,0.0000,0.0000,-54.173,-40.955,12.192,1.403,6.244,0.214908,0.708312,0.048174,0.019864,0.008743
291,810.00,2.000,-2.073,6.8523,4.8449,0.0000,14.9810,0.5880,75.4571,0.0000,2.3073,0.9352,5.7314,0.0000,0.0000,0.0000,0.0000,0.0000,0.0000,0.0000,0.0000,0.0000,0.0000,0.0000,-54.532,-41.230,12.281,1.414,6.293,0.213587,0.709715,0.048236,0.019801,0.008661
292,809.00,2.000,-2.094,6.9075,4.8468,0.0000,14.9056,0.5823,75.5768,0.0000,2.3095,0.9319,5.6940,0.0000,0.0000,0.0000,0.0000,0.0000,0.0000,0.0000,0.0000,0.0000,0.0000,0.0000,-54.890,-41.504,12.370,1.425,6.342,0.212273,0.711109,0.048299,0.019738,0.008581
293,808.00,2.000,-2.116,6.9625,4.8486,0.0000,14.8306,0.5767,75.6956,0.0000,2.3117,0.9286,5.6568,0.0000,0.0000,0.0000,0.0000,0.0000,0.0000,0.0000,0.0000,0.0000,0.0000,0.0000,-55.247,-41.777,12.459,1.436,6.391,0.210965,0.712493,0.048364,0.019676,0.008501
294,807.00,2.000,-2.138,7.0174,4.8505,0.0000,14.7563,0.5711,75.8134,0.0000,2.3141,0.9253,5.6198,0.0000,0.0000,0.0000,0.0000,0.0000,0.0000,0.0000,0.0000,0.0000,0.0000,0.0000,-55.602,-42.049,12.547,1.447,6.440,0.209664,0.713867,0.048431,0.019615,0.008423
295,806.00,2.000,-2.160,7.0723,4.8524,0.0000,14.6824,0.5657,75.9302,0.0000,2.3165,0.9221,5.5830,0.0000,0.0000,0.0000,0.0000,0.0000,0.0000,0.0000,0.0000,0.0000,0.0000,0.0000,-55.955,-42.320,12.636,1.457,6.489,0.208369,0.715232,0.048500,0.019553,0.008346
296,805.00,2.000,-2.183,7.1270,4.8542,0.0000,14.6091,0.5603,76.0462,0.0000,2.3190,0.9189,5.5465,0.0000,0.0000,0.0000,0.0000,0.0000,0.0000,0.0000,0.0000,0.0000,0.0000,0.0000,-56.307,-42.589,12.724,1.468,6.537,0.207081,0.716587,0.048570,0.019493,0.008269
297,804.00,2.000,-2.206,7.1817,4.8560,0.0000,14.5364,0.5550,76.1612,0.0000,2.3216,0.9157,5.5101,0.0000,0.0000,0.0000,0.0000,0.0000,0.0000,0.0000,0.0000,0.0000,0.0000,0.0000,-56.658,-42.858,12.811,1.479,6.586,0.205798,0.717933,0.048643,0.019432,0.008194
298,803.00,2.000,-2.229,7.2362,4.8579,0.0000,14.4642,0.5497,76.2752,0.0000,2.3243,0.9126,5.4740,0.0000,0.0000,0.0000,0.0000,0.0000,0.0000,0.0000,0.0000,0.0000,0.0000,0.0000,-57.007,-43.126,12.898,1.490,6.634,0.204523,0.719268,0.048717,0.019373,0.008119
299,802.00,2.000,-2.253,7.2907,4.8597,0.0000,14.3925,0.5446,76.3883,0.0000,2.3271,0.9095,5.4380,0.0000,0.0000,0.0000,0.0000,0.0000,0.0000,0.0000,0.0000,0.0000,0.0000,0.0000,-57.354,-43.393,12.985,1.500,6.683,0.203253,0.720595,0.048793,0.019313,0.008046
300,801.00,2.000,-2.276,7.3451,4.8615,0.0000,14.3214,0.5395,76.5005,0.0000,2.3300,0.9064,5.4023,0.0000,0.0000,0.0000,0.0000,0.0000,0.0000,0.0000,0.0000,0.0000,0.0000,0.0000,-57.700,-43.659,13.072,1.511,6.731,0.201990,0.721911,0.048871,0.019254,0.007973
301,800.00,2.000,-2.300,7.3994,4.8633,0.0000,14.2509,0.5344,76.6117,0.0000,2.3330,0.9033,5.3668,0.0000,0.0000,0.0000,0.0000,0.0000,0.0000,0.0000,0.0000,0.0000,0.0000,0.0000,-58.044,-43.924,13.158,1.521,6.779,0.200734,0.723218,0.048951,0.019196,0.007901
302,799.00,2.000,-2.325,7.4535,4.8651,0.0000,14.1809,0.5294,76.7219,0.0000,2.3360,0.9002,5.3315,0.0000,0.0000,0.0000,0.0000,0.0000,0.0000,0.0000,0.0000,0.0000,0.0000,0.0000,-58.387,-44.187,13.244,1.532,6.827,0.199483,0.724515,0.049033,0.019138,0.007831
303,798.00,2.000,-2.349,7.5076,4.8668,0.0000,14.1114,0.5245,76.8313,0.0000,2.3392,0.8972,5.2964,0.0000,0.0000,0.0000,0.0000,0.0000,0.0000,0.0000,0.0000,0.0000,0.0000,0.0000,-58.729,-44.450,13.330,1.543,6.875,0.198240,0.725803,0.049117,0.019080,0.007761
304,797.00,2.000,-2.374,7.5616,4.8686,0.0000,14.0425,0.5197,76.9396,0.0000,2.3425,0.8942,5.2615,0.0000,0.0000,0.0000,0.0000,0.0000,0.0000,0.0000,0.0000,0.0000,0.0000,0.0000,-59.069,-44.712,13.416,1.553,6.923,0.197002,0.727080,0.049203,0.019023,0.007692
305,796.00,2.000,-2.831,9.3750,4.9215,0.0000,11.7212,0.4013,80.5565,0.0000,2.4388,0.7820,4.1003,0.0000,0.0000,0.0000,0.0000,0.0000,0.0000,0.0000,0.0000,0.0000,0.0000,0.0000,-70.406,-52.808,16.460,1.905,8.528,0.155296,0.770051,0.051817,0.016827,0.006008
306,795.00,2.000,-2.870,9.4276,4.9230,0.0000,11.6724,0.3981,80.6296,0.0000,2.4487,0.7800,4.0712,0.0000,0.0000,0.0000,0.0000,0.0000,0.0000,0.0000,0.0000,0.0000,0.0000,0.0000,-70.718,-53.051,16.540,1.915,8.574,0.154239,0.770967,0.052042,0.016791,0.005962
307,794.00,2.000,-2.908,9.4796,4.9244,0.0000,11.6244,0.3949,80.7013,0.0000,2.4588,0.7782,4.0424,0.0000,0.0000,0.0000,0.0000,0.0000,0.0000,0.0000,0.0000,0.0000,0.0000,0.0000,-71.027,-53.291,16.620,1.925,8.620,0.153191,0.771867,0.052271,0.016755,0.005916
308,793.00,2.000,-2.947,9.5310,4.9258,0.0000,11.5773,0.3918,80.7716,0.0000,2.4690,0.7763,4.0139,0.0000,0.0000,0.0000,0.0000,0.0000,0.0000,0.0000,0.0000,0.0000,0.0000,0.0000,-71.331,-53.528,16.698,1.935,8.665,0.152154,0.772753,0.052502,0.016720,0.005871
309,792.00,2.000,-3.262,9.7153,4.9249,0.0000,11.8282,0.3982,80.2845,0.0000,2.6552,0.8261,4.0078,0.0000,0.0000,0.0000,0.0000,0.0000,0.0000,0.0000,0.0000,0.0000,0.0000,0.0000,-72.853,-54.714,17.030,1.973,8.830,0.151885,0.767913,0.056449,0.017788,0.005966
310,791.00,2.000,-3.322,9.8038,4.9274,0.0000,11.7432,0.3931,80.4097,0.0000,2.6750,0.8238,3.9551,0.0000,0.0000,0.0000,0.0000,0.0000,0.0000,0.0000,0.0000,0.0000,0.0000,0.0000,-73.380,-55.108,17.170,1.990,8.908,0.149965,0.769498,0.056899,0.017747,0.005892
311,790.00,2.000,-3.383,9.8901,4.9298,0.0000,11.6613,0.3882,80.5300,0.0000,2.6953,0.8216,3.9036,0.0000,0.0000,0.0000,0.0000,0.0000,0.0000,0.0000,0.0000,0.0000,0.0000,0.0000,-73.890,-55.491,17.306,2.006,8.983,0.148086,0.771027,0.057359,0.017708,0.005821
312,789.00,2.000,-3.444,9.9742,4.9321,0.0000,11.5823,0.3833,80.6454,0.0000,2.7161,0.8196,3.8533,0.0000,0.0000,0.0000,0.0000,0.0000,0.0000,0.0000,0.0000,0.0000,0.0000,0.0000,-74.385,-55.863,17.439,2.022,9.056,0.146246,0.772501,0.057828,0.017673,0.005751
313,788.00,2.000,-3.505,10.0561,4.9344,0.0000,11.5063,0.3787,80.7560,0.0000,2.7373,0.8177,3.8041,0.0000,0.0000,0.0000,0.0000,0.0000,0.0000,0.0000,0.0000,0.0000,0.0000,0.0000,-74.865,-56.224,17.567,2.038,9.128,0.144446,0.773922,0.058307,0.017641,0.005684
314,787.00,2.000,-3.567,10.1357,4.9367,0.0000,11.4330,0.3742,80.8619,0.0000,2.7589,0.8160,3.7560,0.0000,0.0000,0.0000,0.0000,0.0000,0.0000,0.0000,0.0000,0.0000,0.0000,0.0000,-75.329,-56.574,17.691,2.053,9.197,0.142685,0.775290,0.058794,0.017612,0.005618
315,786.00,2.000,-3.629,10.2130,4.9389,0.0000,11.3626,0.3698,80.9633,0.0000,2.7809,0.8144,3.7090,0.0000,0.0000,0.0000,0.0000,0.0000,0.0000,0.0000,0.0000,0.0000,0.0000,0.0000,-75.778,-56.913,17.811,2.068,9.264,0.140963,0.776607,0.059289,0.017586,0.005555
316,785.00,2.000,-3.691,10.2882,4.9410,0.0000,11.2948,0.3655,81.0604,0.0000,2.8033,0.8130,3.6631,0.0000,0.0000,0.0000,0.0000,0.0000,0.0000,0.0000,0.0000,0.0000,0.0000,0.0000,-76.211,-57.241,17.928,2.082,9.330,0.139278,0.777874,0.059792,0.017563,0.005493
317,784.00,2.000,-3.753,10.3611,4.9431,0.0000,11.2297,0.3613,81.1531,0.0000,2.8260,0.8117,3.6182,0.0000,0.0000,0.0000,0.0000,0.0000,0.0000,0.0000,0.0000,0.0000,0.0000,0.0000,-76.629,-57.558,18.040,2.096,9.393,0.137630,0.779093,0.060302,0.017542,0.005433
318,783.00,2.000,-3.815,10.4318,4.9452,0.0000,11.1671,0.3573,81.2416,0.0000,2.8490,0.8105,3.5744,0.0000,0.0000,0.0000,0.0000,0.0000,0.0000,0.0000,0.0000,0.0000,0.0000,0.0000,-77.033,-57.865,18.149,2.109,9.454,0.136019,0.780264,0.060818,0.017525,0.005375
319,782.00,2.000,-3.877,10.5003,4.9472,0.0000,11.1070,0.3534,81.3262,0.0000,2.8723,0.8095,3.5316,0.0000,0.0000,0.0000,0.0000,0.0000,0.0000,0.0000,0.0000,0.0000,0.0000,0.0000,-77.422,-58.161,18.254,2.122,9.513,0.134444,0.781389,0.061340,0.017509,0.005318
320,781.00,2.000,-3.939,10.5666,4.9491,0.0000,11.0493,0.3496,81.4068,0.0000,2.8959,0.8086,3.4898,0.0000,0.0000,0.0000,0.0000,0.0000,0.0000,0.0000,0.0000,0.0000,0.0000,0.0000,-77.797,-58.448,18.355,2.135,9.571,0.132903,0.782469,0.061867,0.017497,0.005263
321,780.00,2.000,-4.000,10.6309,4.9510,0.0000,10.9939,0.3459,81.4838,0.0000,2.9197,0.8079,3.4489,0.0000,0.0000,0.0000,0.0000,0.0000,0.0000,0.0000,0.0000,0.0000,0.0000,0.0000,-78.157,-58.724,18.452,2.147,9.626,0.131397,0.783507,0.062400,0.017487,0.005209
322,779.00,2.000,-4.062,10.6931,4.9529,0.0000,10.9407,0.3423,81.5571,0.0000,2.9437,0.8072,3.4090,0.0000,0.0000,0.0000,0.0000,0.0000,0.0000,0.0000,0.0000,0.0000,0.0000,0.0000,-78.504,-58.990,18.546,2.159,9.680,0.129924,0.784503,0.062936,0.017480,0.005157
323,778.00,2.000,-4.123,10.7533,4.9547,0.0000,10.8897,0.3388,81.6270,0.0000,2.9679,0.8067,3.3700,0.0000,0.0000,0.0000,0.0000,0.0000,0.0000,0.0000,0.0000,0.0000,0.0000,0.0000,-78.838,-59.248,18.637,2.170,9.731,0.128483,0.785459,0.063477,0.017475,0.005106
324,777.00,2.000,-4.184,10.8115,4.9565,0.0000,10.8407,0.3353,81.6935,0.0000,2.9923,0.8063,3.3318,0.0000,0.0000,0.0000,0.0000,0.0000,0.0000,0.0000,0.0000,0.0000,0.0000,0.0000,-79.158,-59.495,18.724,2.181,9.781,0.127075,0.786377,0.064021,0.017472,0.005056
325,776.00,2.000,-4.245,10.8677,4.9582,0.0000,10.7938,0.3320,81.7569,0.0000,3.0168,0.8060,3.2946,0.0000,0.0000,0.0000,0.0000,0.0000,0.0000,0.0000,0.0000,0.0000,0.0000,0.0000,-79.466,-59.734,18.807,2.192,9.829,0.125696,0.787258,0.064567,0.017471,0.005007
326,775.00,2.000,-4.305,10.9221,4.9599,0.0000,10.7487,0.3287,81.8173,0.0000,3.0414,0.8058,3.2581,0.0000,0.0000,0.0000,0.0000,0.0000,0.0000,0.0000,0.0000,0.0000,0.0000,0.0000,-79.762,-59.965,18.888,2.202,9.876,0.124348,0.788104,0.065116,0.017473,0.004960
327,774.00,2.000,-4.365,10.9747,4.9616,0.0000,10.7054,0.3256,81.8747,0.0000,3.0661,0.8057,3.2225,0.0000,0.0000,0.0000,0.0000,0.0000,0.0000,0.0000,0.0000,0.0000,0.0000,0.0000,-80.046,-60.187,18.965,2.212,9.921,0.123028,0.788915,0.065667,0.017476,0.004913
328,773.00,2.000,-4.424,11.0256,4.9632,0.0000,10.6639,0.3225,81.9294,0.0000,3.0909,0.8057,3.1877,0.0000,0.0000,0.0000,0.0000,0.0000,0.0000,0.0000,0.0000,0.0000,0.0000,0.0000,-80.318,-60.400,19.039,2.221,9.964,0.121737,0.789694,0.066219,0.017482,0.004868
329,772.00,2.000,-4.483,11.0747,4.9648,0.0000,10.6241,0.3194,81.9814,0.0000,3.1157,0.8058,3.1536,0.0000,0.0000,0.0000,0.0000,0.0000,0.0000,0.0000,0.0000,0.0000,0.0000,0.0000,-80.580,-60.607,19.110,2.231,10.006,0.120473,0.790443,0.066772,0.017489,0.004824
330,771.00,2.000,-4.542,11.1222,4.9664,0.0000,10.5858,0.3165,82.0310,0.0000,3.1406,0.8059,3.1202,0.0000,0.0000,0.0000,0.0000,0.0000,0.0000,0.0000,0.0000,0.0000,0.0000,0.0000,-80.831,-60.805,19.179,2.240,10.047,0.119235,0.791161,0.067326,0.017498,0.004780
331,770.00,2.000,-4.600,11.1681,4.9679,0.0000,10.5491,0.3136,82.0781,0.0000,3.1655,0.8062,3.0876,0.0000,0.0000,0.0000,0.0000,0.0000,0.0000,0.0000,0.0000,0.0000,0.0000,0.0000,-81.072,-60.997,19.245,2.248,10.086,0.118022,0.791852,0.067879,0.017509,0.004738
332,769.00,2.000,-4.658,11.2125,4.9694,0.0000,10.5138,0.3107,82.1230,0.0000,3.1904,0.8065,3.0556,0.0000,0.0000,0.0000,0.0000,0.0000,0.0000,0.0000,0.0000,0.0000,0.0000,0.0000,-81.303,-61.181,19.308,2.256,10.123,0.116834,0.792515,0.068433,0.017522,0.004696
333,768.00,2.000,-4.715,11.2555,4.9708,0.0000,10.4798,0.3079,82.1658,0.0000,3.2153,0.8069,3.0243,0.0000,0.0000,0.0000,0.0000,0.0000,0.0000,0.0000,0.0000,0.0000,0.0000,0.0000,-81.525,-61.359,19.369,2.264,10.160,0.115670,0.793153,0.068986,0.017536,0.004655
334,767.00,2.000,-4.772,11.2971,4.9723,0.0000,10.4472,0.3052,82.2065,0.0000,3.2401,0.8074,2.9936,0.0000,0.0000,0.0000,0.0000,0.0000,0.0000,0.0000,0.0000,0.0000,0.0000,0.0000,-81.738,-61.531,19.427,2.272,10.195,0.114528,0.793767,0.069539,0.017551,0.004615
335,766.00,2.000,-4.828,11.3373,4.9737,0.0000,10.4158,0.3025,82.2453,0.0000,3.2649,0.8080,2.9635,0.0000,0.0000,0.0000,0.0000,0.0000,0.0000,0.0000,0.0000,0.0000,0.0000,0.0000,-81.943,-61.697,19.483,2.279,10.229,0.113409,0.794357,0.070090,0.017568,0.004576
336,765.00,2.000,-4.884,11.3762,4.9751,0.0000,10.385